11597
18554
12333
19329
14692
2630
14063
18292
14396
15374
12332
6167
1394
6552
7522
11688
1040
17595
7803
11664
9094
11477
15612
852
11469
17193
13630
8710
18697
5585
1961
7280
7109
1930
9812
17675
15052
7201
7715
13717
11750
16108
8106
15577
15012
10921
5119
11208
16475
2609
17057
15252
11814
19059
18234
16078
20411
10737
18033
183
12353
15421
6487
14224
9718
14194
9803
7183
6699
10479
816
16419
5253
9957
7300
7605
8030
16312
11070
11250
13098
757
8445
13519
7380
11239
4073
9875
17499
16946
15255
4944
8886
14636
1636
3176
12451
14661
12345
3229
13005
17294
20159
18845
11535
20405
5223
653
17396
15881
12261
19176
9153
3280
18090
15831
18277
8449
806
16417
5007
14245
793
14180
5484
17008
402
11883
10113
10186
18734
12963
20431
19397
7958
14005
16339
12992
16974
19201
9685
10656
9316
16359
5013
3249
10056
141
13647
13097
19857
8135
9135
8485
18625
16202
17705
16951
12054
480
4646
13229
6793
17906
1499
5857
5410
6441
9475
4657
373
3430
4434
17533
14347
13207
8057
4538
5751
9580
3044
14384
12051
10077
6369
6417
14039
2247
14866
18684
3308
16217
797
9069
3911
20
11209
5594
3882
7086
18435
6546
9886
7554
14131
3832
1271
15451
19037
12423
4996
5003
13644
6624
17707
850
4389
6785
368
19172
9001
18077
8454
15407
20284
9787
13575
14274
15925
2785
6910
4775
19372
18509
12998
14237
1388
6790
7353
9600
11427
15230
19715
4871
10694
18120
6416
12195
16774
19256
10826
14352
12545
18867
5854
1097
20014
1463
3163
20582
16944
14654
10733
7323
7752
7159
2403
20000
5312
17610
125
14553
9280
5969
10140
5672
1103
13788
18202
7970
11153
546
1270
5583
5210
15567
11670
7783
19017
10121
19430
15298
4708
11101
896
7847
20450
16548
15139
13396
15939
12269
4365
10768
9454
13487
6472
6359
2261
9648
12610
1855
19841
12287
1815
228
19376
10684
333
4007
13357
8093
13240
7342
12658
2466
8065
10183
3706
12974
20149
865
2474
7256
18899
19549
16731
11941
14472
11365
748
2232
2929
6775
496
1186
13682
9432
7998
8075
18038
18823
7181
9535
9210
2885
12250
5440
11475
5642
6384
17237
18458
7961
9258
4540
3262
15396
11829
11223
11763
5776
8471
13910
13823
9650
2380
10024
12519
15604
8558
15193
13096
11054
3860
10277
13777
11258
10440
7935
19646
1648
20098
16461
2385
12315
13495
11053
7901
14439
2715
7352
7398
7238
12686
4558
1331
11229
9189
1200
14431
7580
18295
2411
241
12525
6090
18530
12066
3177
6812
3266
9876
482
744
3363
18631
17473
3245
9644
7706
169
6312
5180
11954
17659
284
19146
15893
8545
20387
10526
20565
1759
7060
17668
16735
7886
11504
15901
2429
18363
10543
10519
3462
15169
9601
5465
10796
18503
4372
14297
9807
3346
2281
9098
20619
17071
16970
474
16877
18883
410
12576
8102
9156
15996
8986
20129
887
11646
1828
7494
1860
17094
7407
760
13172
15938
1558
18413
8280
15751
6193
18719
14079
20237
8460
16033
15095
15440
9198
1569
8398
15025
12772
7188
19386
3271
11528
9204
10611
8147
7726
9746
17063
7217
2822
13685
19208
13151
840
4272
3819
10341
1301
17933
1282
17841
19279
6856
12498
4252
18736
13594
3569
5636
2486
4565
10496
18446
1624
6235
2268
8072
2034
7964
10587
19535
17842
411
8274
8461
7811
258
6246
5219
8682
11343
16589
768
14310
14835
6604
3371
11271
14446
18207
10651
819
3218
6306
16526
17367
17013
15786
8643
9591
10978
17319
7575
18862
10004
8086
14746
19373
1418
10455
19981
9353
17528
17320
1611
11527
1468
7301
7130
17029
6297
3444
11363
2795
12366
8566
10328
11807
19602
349
20627
18813
15669
17368
16554
11335
19375
12650
681
18313
12046
14943
9341
9859
20594
10419
7884
14779
14523
7938
19988
20351
16223
10355
13785
6326
17043
969
14834
6353
16692
9178
93
12819
4
5818
3122
8702
13162
13702
663
17098
16021
2016
13284
11982
3899
6445
14895
14561
12801
15099
5742
7043
9771
13598
15128
12510
13756
3493
8168
1873
7329
1488
4935
8450
4124
202
6654
4900
6843
16337
2881
9314
15185
14389
7565
5716
15734
10221
5478
8511
7905
6613
11312
3943
15982
6789
19363
9011
2980
10730
7462
8490
12687
1953
9211
10627
6137
16705
19391
8383
11379
20235
5046
13099
12354
4942
10522
5285
16693
66
12891
7018
13346
13206
4457
20123
16098
16823
8151
17348
8200
20373
1404
18080
11100
18901
11944
11497
12688
17421
13890
5095
4950
2410
7573
4826
15804
11082
18780
4953
13369
2415
16666
9747
12827
6600
13982
18566
1895
7253
9162
15384
14682
8357
2167
11914
16582
15809
1561
17569
15498
3734
11687
10240
8961
421
13616
957
802
4909
7540
16141
14061
2853
2821
6523
7112
1147
16265
5538
19576
7316
20318
14495
16905
12812
17583
4283
6506
16139
13758
4823
17167
6102
12508
15800
6813
7021
15530
3130
19319
2460
20143
14286
4740
2092
10880
17007
11817
15774
9212
15296
20054
6677
13404
18754
1524
6022
8891
8172
10134
10660
9089
15681
18933
9956
15701
14713
2658
19686
16679
6533
8783
8726
3344
3761
1733
20538
19679
15143
16051
19137
14620
15856
5623
13059
11495
11718
5298
4721
1778
14225
10303
13428
17363
83
3191
2109
885
9593
1483
8343
3643
17926
15072
15246
4174
12307
14268
1118
16323
10530
15557
15859
19809
13689
7549
5349
3934
12301
16535
12503
4801
9970
14845
17371
10902
16085
13873
12506
12718
16626
20217
7968
13875
15391
3797
3132
6566
8156
8354
20058
16161
14926
13182
17024
1493
5797
4755
15795
1165
19498
19470
7526
20106
6656
10444
11077
238
17359
4582
3141
20313
770
8713
4307
7207
7182
14831
3476
12010
4269
8326
5
4048
17236
7768
7634
5730
938
2409
10403
17395
17290
17438
1189
4116
18878
19797
17263
3699
19771
12721
17100
15757
15602
16890
7474
5162
12322
6008
19469
17285
3434
10666
14968
7539
8620
8458
4973
4621
3906
15698
1087
3721
14014
17808
12786
857
14426
12927
7696
12167
10428
13932
3511
219
8629
16661
15469
5507
9775
10652
13269
9726
13397
458
7135
2387
7657
6902
1910
14607
17178
20320
1
1585
3670
10391
10593
430
19776
12411
7589
529
6378
16811
11231
11016
11028
10860
19685
20590
224
18940
12939
6302
11234
11485
51
9772
16165
4552
14656
4113
1874
3554
6390
7754
6768
7430
13793
17404
15041
924
12265
15851
11654
4593
15452
18723
354
11354
16747
16112
13213
19203
5206
15428
15706
18179
19908
15562
8003
12841
14596
17406
1775
14428
14432
18661
16449
357
1790
3756
8124
6365
12556
16836
5449
14952
1126
1414
1523
7102
3648
12694
7742
16242
46
5953
5596
15331
18970
3202
1168
11369
10136
1546
19795
7720
15975
19751
14929
11770
15864
6387
5435
18997
15942
10532
13354
11122
19425
3537
2331
10842
5112
688
3112
19136
19619
5697
20377
11109
1223
1856
6909
7819
10264
8829
13447
14804
17337
18356
2826
11076
11270
7854
13313
6816
19989
3127
17284
5403
907
7493
18164
2585
7270
9802
17014
9342
11002
113
10381
6658
4772
13721
8260
14771
9377
9816
18119
17325
15779
1466
5725
7541
5021
4683
570
17276
5183
12645
11182
18297
16763
9023
16026
9643
15029
9907
6186
20303
5348
7223
20417
16134
10560
2676
11592
783
10344
6831
14857
146
14973
13457
11727
13709
16928
19790
10398
13415
13926
2575
18013
6486
5262
9852
20142
13338
1456
14817
19202
13370
10486
12052
4817
1509
203
1754
20003
15609
4335
17575
19128
13305
3823
14099
18847
18196
5944
11349
3770
10320
20301
13264
8101
15739
18757
7855
3015
12189
14116
5303
838
5048
19855
2081
16029
13532
18187
1360
1944
2388
1745
1820
8935
6587
15101
2983
2559
1640
17903
8745
12184
4104
1316
9972
263
5879
20393
12336
16787
9541
19000
19851
7259
3714
3197
13219
19827
8627
6676
14568
7054
11934
7878
7269
17840
3290
20243
5366
5894
12602
15852
6228
4874
3589
4635
8137
18669
6199
11017
2112
2245
889
4139
12047
9326
11737
14642
19880
19004
11835
17272
15047
6732
15806
9264
2523
12298
10943
2816
8131
12691
19815
17289
10770
20596
8459
16430
3980
20428
17183
7376
8555
12314
9617
6878
14703
12005
9764
9107
14125
16117
9140
255
1261
2400
11583
3548
19586
1849
17792
14832
3515
14486
11651
20037
11620
11283
3234
11731
1819
7076
4842
3690
17489
3327
3599
20231
5199
9804
12001
18708
15315
16593
15661
6141
16447
9205
19828
19083
3733
1666
8539
2945
9899
18242
10025
6491
3948
11370
9095
11279
17522
4149
13160
10222
4386
12166
16227
13130
6405
16303
11175
19281
9874
8453
3828
138
9292
9008
13530
8608
2884
19258
14233
13295
8344
9061
1643
321
10609
15074
15843
17437
7422
4500
12077
5899
4064
15651
1224
17620
7759
12720
10991
1028
16814
353
11851
8534
12771
16709
10717
17232
3552
4256
11919
12795
16790
7044
17234
9950
6964
15861
4449
3023
19458
11797
8885
11537
1245
15892
12257
18068
17391
9557
14904
15156
20354
15520
18699
7423
15674
5202
7446
1203
1829
1601
5546
10740
17971
5190
8844
350
12375
5841
18261
20198
2730
13257
9721
14256
15116
10815
9686
17138
538
7858
20606
6951
5207
7190
6513
6362
19973
15223
4122
12030
2231
5647
9166
18986
881
19173
13336
19041
10458
16201
14034
13430
13384
8288
650
8700
14625
2386
7078
5863
10950
16923
1056
14768
11521
11753
5340
9065
174
9333
2019
16049
3469
10144
16785
6407
82
19519
13252
15620
19494
14721
16385
5214
12563
14657
2143
4052
13707
19199
16720
2344
10465
5080
15157
10744
2066
279
19718
18330
11467
11193
13554
18045
16462
11162
18131
5309
8464
6505
15063
15198
11572
14681
6996
4211
13715
8136
4317
4301
12178
18182
5230
11464
13400
16379
20568
3008
693
15934
18837
11431
7926
14944
9704
5850
1618
1964
596
18564
16463
15406
8309
2502
3105
7506
2406
9725
11617
14858
11600
6560
9062
2563
10697
3478
13239
11559
14443
6784
5677
14589
11167
9778
15741
18861
18457
6606
12730
5161
16638
3111
19074
16281
187
10441
13391
7660
5753
13014
4572
18726
5001
16852
17253
3914
13622
11455
18686
13058
6173
11047
821
20371
5525
12635
9892
8579
1647
13208
7947
4539
5344
16063
7581
11648
4889
17704
6368
8750
14
657
6735
20281
4259
19560
14796
9581
17649
15224
5746
20473
6116
3454
7172
13920
9133
412
12496
9187
8720
20448
6158
1708
11049
9096
7721
11124
3606
16959
18504
10191
3883
2656
11765
1196
8549
4466
6437
4395
4862
4967
19274
9749
7492
7289
19687
6917
3182
19209
8355
12417
16508
7356
20040
20604
13840
13070
1566
7802
9294
10354
12903
12839
15339
17352
7728
9878
15970
16401
8182
20297
1423
18085
8370
9767
15506
4751
20230
16794
16918
9811
4784
8184
11514
5310
8790
4666
3574
662
17093
7351
9024
19124
19659
6005
10926
11542
2221
11967
1627
4819
11889
20501
15272
4463
12657
18852
1937
20407
14022
20305
8525
8842
14328
5607
13921
6440
17631
8728
90
2431
11055
1068
1356
3821
6599
17520
9480
8591
9620
19824
2095
3806
17898
721
6241
17160
16911
16641
12480
607
11996
12848
7919
1867
10518
18799
2459
13443
12618
19345
18541
13697
6442
4802
18581
19177
10462
17083
14437
6582
9947
18316
3525
7707
2901
6781
20321
15694
2390
17866
14188
18560
10392
18916
15295
13482
8715
19878
17514
15921
9559
17405
13173
13543
2202
2212
798
12838
16075
15342
13441
20093
20147
20199
12348
10095
288
8569
6986
12844
2862
11292
16567
18696
7515
6924
2107
3858
14010
1879
13939
19417
18312
1286
18952
10547
2801
13064
5997
15013
6616
2173
16809
3768
8782
7883
2854
16422
19676
17838
17020
12965
16435
13380
4487
5680
5816
2131
2725
5145
8314
11557
19495
18245
5255
9820
4965
6279
8999
11040
14704
2402
1502
5437
15953
10497
1157
3439
9963
16180
15329
9239
10944
5645
7824
7471
17561
14932
6686
10084
7650
4714
10219
11319
12654
16152
17108
1166
10267
19029
10868
5216
1272
14501
16469
11159
7107
9368
18086
12859
2562
12229
7922
5915
19866
16640
17169
9712
18841
2164
4153
18327
17832
6490
15957
8995
16438
18307
19529
15898
1821
6985
8592
27
13607
327
1851
6106
11571
18110
17435
1416
13646
12902
16637
9068
1258
16059
12302
10590
8905
5110
1004
4628
15798
5187
715
18136
14120
17722
14412
1884
10822
16865
11999
7195
2601
4114
19862
9071
4617
7440
5460
11766
18071
13936
16757
11606
507
11800
11874
5580
717
13141
5999
3422
10216
3
7247
12340
8694
47
2287
4878
9929
1531
12629
17195
8273
13759
1812
12149
20224
15462
5598
2127
11610
16375
9110
12163
4566
16311
8943
14027
6040
19937
6063
1065
7843
2395
13132
5074
16962
16367
9647
9009
2800
15202
16806
14182
19361
14552
10446
2781
15050
19972
8475
7697
8683
10521
4511
18902
17018
7006
13245
6965
15135
7596
4779
20109
8527
17912
3025
19491
16828
16347
16883
12160
11092
8352
237
6162
15810
856
18352
1298
961
4273
8051
6806
14966
676
972
3593
20275
1249
20410
1136
3876
4533
8254
6004
14044
18115
18028
16283
7089
14594
15394
17823
12406
18055
12936
11878
2404
18314
20573
17219
1736
14584
339
4514
6206
13157
3000
7622
10861
15435
4291
13394
2578
15974
11858
2593
12907
16292
14513
5257
5967
15559
4029
16160
18133
18072
2695
351
13002
14986
20005
5978
6858
3306
16236
12328
17241
8572
6997
12209
11352
18249
10938
17250
20187
16652
4332
7363
17203
7070
3137
13506
11949
15664
6425
9853
2839
13881
18130
1595
6892
14856
18024
15409
9988
725
8701
10318
2671
4304
20252
2806
20460
11757
10256
16204
6548
17081
14514
4330
5572
19616
724
16706
3159
10272
7306
20107
6247
20179
14104
18268
13745
4976
20345
20571
6252
2836
11831
11128
522
5907
4396
16411
2443
20267
2599
1486
8424
16986
19334
2122
12405
18830
11035
20566
16097
14158
9777
18853
13558
6138
3742
16481
4483
17574
20346
15965
14218
14651
16736
3801
17076
325
7100
20166
8006
5047
454
19657
5473
14292
2074
4233
1726
7458
13796
17156
10657
14508
19010
3198
14712
19286
374
19100
8532
20335
14699
13055
20603
17191
16297
6907
8483
12211
6319
12273
18583
9920
5362
14133
7860
1482
9207
10211
19169
9922
9967
15776
19180
4857
18412
18891
16919
15042
20310
10700
4503
16420
19207
9609
11436
597
18422
6555
49
19463
17194
10177
7278
6234
2323
3990
8351
5221
7114
3205
11353
14169
15301
15525
893
19820
15002
8113
8839
13307
1845
13869
7131
9407
8248
9543
16537
17672
7198
18747
11506
11361
4418
3527
11331
5861
19114
18722
7537
17807
5721
539
19116
14757
175
4911
6999
6303
9698
12402
13734
5515
3960
10640
6653
5856
19441
9044
2179
11580
19834
9151
2588
15720
12225
14674
11762
12671
1973
7318
7330
19967
10017
4459
2097
1706
14503
15017
17051
4616
19246
13511
4958
4711
20500
6574
13361
7892
12173
19134
1852
1216
9444
18637
4549
18520
5325
13538
13155
2611
2518
14711
4734
14725
16382
5151
750
3803
7194
8365
15606
767
9109
977
17410
2274
2484
7682
8856
14192
16351
605
11546
13552
552
10307
13385
12036
5950
12009
5880
18517
12041
17242
20165
18922
9494
6967
7773
18235
9074
456
12685
19404
3383
4336
4118
13340
8625
5462
20043
18063
9216
7600
921
15978
20344
16427
910
11882
2665
685
16901
5535
1264
10776
20317
7152
7655
13636
4244
11355
8197
847
6873
13914
3533
4339
5941
4000
20261
12794
13232
13073
3664
19635
19640
12942
8737
2870
18019
1679
16474
19823
20155
4643
5314
11161
12564
4527
2912
15788
18337
16243
11334
3361
7776
20031
5764
8611
3084
14217
1352
14289
1020
2852
2003
625
13067
7418
16261
4208
6381
4465
11761
6631
11235
17073
12524
14051
5658
7011
12735
6010
17297
3228
14995
19826
13623
9112
19431
8709
19907
15386
19022
19788
2621
10188
2047
18737
5870
8456
9658
16483
19745
15491
8583
1854
13624
4858
7023
20140
3013
10337
1606
1554
18417
19843
8217
7099
17669
4270
5036
17962
7673
6818
7722
7372
20176
20404
17642
19983
15429
20634
472
9869
17768
12179
3215
8537
11539
13203
12114
11918
13158
16572
17429
9903
1654
11006
15437
18809
10606
13579
16181
14168
9553
17952
20222
11102
1617
2910
8907
10946
12779
5034
4925
1145
10139
19769
13465
17303
5356
3887
15579
5329
9550
5299
1840
10306
10816
1333
8173
16573
13800
11171
18415
18381
2296
2734
9962
11326
11588
11995
1830
10804
14341
12450
13882
2417
3146
4687
4076
16310
8531
7774
2304
7097
19379
12511
16940
1407
12741
19694
920
20495
13992
17132
11039
8041
3551
13912
19539
1903
1058
9420
19023
4699
20458
20283
5706
3523
18093
16893
3795
20513
11051
1077
9518
20629
6981
19465
15799
14251
3326
17789
8667
4636
14892
12422
11494
15705
2745
5428
14632
4656
19658
1545
2615
8455
380
10928
1401
5201
1822
11219
10814
9961
10524
13491
20066
14326
2829
1453
8926
18513
10212
11719
8616
3165
3083
13376
2465
9949
2719
14961
19276
15405
16532
12769
11926
3659
830
13516
17198
6649
19042
37
20343
8090
1801
11904
14511
19419
987
4267
953
15458
1229
15656
4834
1364
5737
4840
19538
18991
3488
12643
10552
2022
19701
8656
9339
12207
10885
17604
4709
9960
14998
18355
8452
10119
13905
18368
6960
4320
18840
7252
14242
633
3710
5698
11650
4726
2186
15092
5646
3731
6134
16541
14057
15571
4210
19528
18909
15085
6557
3239
10619
10412
6724
4724
8363
15338
17535
548
14967
16660
2045
15235
17524
17118
3997
12640
80
855
2030
8781
14056
1167
3059
837
13724
16817
2205
15146
9633
14207
15245
13520
10848
3131
11808
790
11218
20630
20249
176
2155
5814
7633
6053
4839
10900
16605
7390
7327
13015
13063
13699
11074
388
4702
14244
1625
20436
1955
8376
12684
15543
14139
5635
10780
15195
1317
1755
19043
7986
10430
2363
15299
7123
12124
16105
9743
15124
5126
5117
4121
3286
5726
15039
10078
7993
1403
4867
18367
10613
15794
14842
16506
9655
6797
1843
13032
6122
4836
13131
14975
13
8776
9283
7276
4353
19816
6370
9928
16056
11689
5890
12429
1283
20422
3565
19595
17774
12854
12241
19225
3342
10533
10616
9436
17097
20288
2607
12219
19980
6343
19429
545
7110
13879
8020
3680
17274
20215
743
15433
3183
16973
18471
12502
5355
16456
1779
16399
12442
14643
8281
7313
17387
18323
12002
13815
18209
11492
8663
5451
2200
5517
4049
10469
16651
17738
2754
3514
19922
17965
6662
18097
15243
3656
9781
5537
15855
10753
19061
2736
12252
1156
20021
6375
17950
20520
6747
16319
14890
17953
3107
14215
19380
6410
270
2587
1334
10224
5695
10648
1872
5188
14646
1893
15840
12295
13899
16722
7374
16931
6953
11684
3901
17630
16418
18526
2770
2098
8872
3109
10402
3465
4135
15830
12483
4289
3461
13318
18407
337
17632
10255
18571
18151
7583
16847
18815
15265
7558
20209
16815
19654
19781
534
189
8637
4855
8513
13497
7200
12064
7785
4246
14747
17959
14319
15723
11443
15675
3210
4180
9603
17389
4963
6400
12221
10501
2733
16322
19756
890
11214
10415
14534
12950
5587
14295
3088
20480
19118
12956
15241
8810
19145
19318
13150
14701
16759
2148
5240
13678
15320
698
5414
5062
8976
20160
9103
5084
2729
207
11841
13971
6540
1291
12852
4604
2322
14048
15258
11094
20455
14175
3619
4955
13993
18593
8993
1711
15521
15684
10172
19818
20245
18250
5564
7551
15621
9646
579
11905
16601
8176
15977
8097
17048
3406
17623
477
4362
14257
12931
16162
17603
14271
8028
15318
11895
10633
1835
17472
4087
14946
13985
20409
8664
5038
11091
14314
1078
19800
16488
16166
5033
11434
9277
17409
10789
9798
1259
16470
19622
10083
3886
6259
1348
15922
800
19152
2029
15110
16253
11198
5317
18876
14543
2598
12212
14425
13092
5379
2887
2184
10353
2569
7850
10149
7610
5704
15478
14103
5479
15876
415
11520
194
695
7413
10736
5390
6577
16425
3562
3718
4178
19825
9854
6609
345
10718
13344
1244
9660
911
18070
5860
10877
3668
14645
1079
3983
16002
3482
19706
2917
6256
16519
304
7781
7115
12527
2857
991
16031
978
9477
7791
15828
2771
16818
16177
9977
2335
9981
16221
20396
6152
15873
3348
15068
16325
17615
6124
112
14962
5766
15582
16036
15502
18252
3473
7712
10253
16704
9438
42
12136
14852
7694
16867
12342
8043
19263
10448
2457
4882
14913
18145
5761
11805
1250
19217
6032
12245
19699
20364
19934
2803
6069
8400
14433
20287
11037
20181
17306
20435
2181
11511
3653
11038
16513
1060
17686
10252
5375
17072
9093
8053
7345
2285
20200
18856
13379
13118
572
7893
7671
2975
3012
127
13686
15554
5757
834
4433
17212
15693
2564
14264
12463
4312
7757
16502
11937
4450
16558
17382
16718
18898
1899
8462
2288
18663
15359
2255
14414
8553
5655
11290
20362
1766
18200
3633
14663
1525
17089
5634
20525
9565
3320
4910
14350
12656
3841
4299
4188
10638
19121
5940
14348
841
20259
7576
2674
6837
16044
14045
5654
13906
6402
11181
15889
5502
5519
4672
778
19874
6763
14868
5471
11567
10477
8837
11071
8836
15161
11417
1023
199
470
18468
12259
16308
14691
15908
18400
2539
1697
9085
5333
186
11707
11108
15548
17201
12501
18296
168
15544
6308
15715
14023
3161
9132
10603
9669
15765
3389
13292
12137
853
15730
18668
14299
13784
12716
2061
1445
13330
2059
8665
18595
2194
1357
11115
7877
1069
11679
6466
8990
17680
11011
8863
11553
9630
13551
6048
16802
7881
6166
9259
1162
19778
13735
16912
16035
9653
12363
7536
4739
7786
10738
2379
5168
9968
16792
8076
5791
521
17450
5398
20277
16524
10504
3782
571
3334
4654
8657
19475
18107
10792
2620
16933
7010
13266
14515
1800
19235
3011
15896
1896
5008
5066
5565
5129
19428
12547
937
14766
3298
18923
7391
9394
561
19885
7308
16203
15826
9443
9223
1473
268
610
14484
510
12634
18648
14280
17329
2132
16466
16058
14907
589
16971
692
14797
1541
10384
3204
9937
6689
12477
8699
3757
4302
9817
18224
16493
19401
7954
9837
6764
12031
19748
18214
13783
18766
2135
19963
2260
9240
5717
5496
516
6855
15966
18741
16267
7488
2436
7212
2702
5581
18410
12756
10813
15858
7470
16536
4982
1769
12300
13227
9226
578
2877
9895
5561
16768
5774
2450
20632
8095
1714
12185
8206
18424
6778
19893
11806
6707
2023
1439
15762
8132
5270
11281
18627
866
8987
10263
20082
2570
18691
18941
13425
2041
12580
11513
15300
20008
9834
8661
465
11747
4578
8252
1117
18998
2330
1021
2708
4537
12770
18122
1163
10851
20413
9733
11703
15311
19942
4311
664
18403
11695
20518
15404
3222
478
17168
18172
7487
16550
6327
15242
19558
2540
16624
19511
9251
8953
10243
6711
6930
11726
7895
9486
2343
7346
367
4557
14288
19958
7437
13360
18185
9081
7478
5026
12802
19536
12304
3014
18379
11958
17307
6815
7090
5648
11795
14062
4865
9064
19662
1559
17223
13350
1824
15136
4447
7810
130
2875
10286
16734
11382
4524
6581
2668
929
5858
11202
5936
6430
3485
5481
8708
12842
14255
7307
9387
18339
3864
9882
7116
4922
3926
1006
5884
846
3891
8632
3319
4084
5147
6201
18605
10936
11015
2666
448
19579
154
973
8222
16450
19175
19904
13760
3456
4522
16458
19743
4438
15457
10021
15390
9879
13651
11965
13431
11969
19888
10358
19247
1307
19711
2165
6371
396
7235
14847
11989
8526
13367
9118
15412
7337
20447
12438
15011
13930
3087
16997
4792
13004
19782
16615
13656
13244
18670
19501
12093
4381
15759
14468
13142
5738
6265
18921
17119
634
15967
4280
2648
17111
13663
7019
11203
2348
7031
10209
7966
17504
4743
9577
5932
9516
19047
3343
3681
14041
5271
18568
3512
20548
16122
2480
17366
5656
20061
7138
8010
322
8869
17092
12169
8631
3636
4068
2741
6019
19464
81
18615
6731
16071
19066
19307
1495
14603
15988
14404
18534
9086
19323
4034
879
2688
8369
2661
6678
15368
3402
6536
12670
7358
531
18958
19677
9323
4620
9964
11793
20504
16996
7797
13746
15994
19192
13095
20068
17746
3412
4328
19398
18588
4521
18188
15103
673
9047
13739
8237
19839
19705
3557
16120
4564
20374
2159
98
6734
10453
316
10708
434
16949
5911
4902
9451
3121
5011
318
4977
12386
8638
17881
1699
2879
14588
15584
11137
18582
10281
12620
18023
3674
6522
6471
19450
1188
247
19952
3862
19710
5045
15057
12133
5964
8691
10555
11785
8821
3953
2145
15573
6093
16215
5829
13476
18022
3615
13303
13237
7625
20294
9520
10498
12281
9052
2535
3992
17068
9078
16415
6760
8712
12800
8914
4199
7472
1675
15556
3737
19366
15500
8034
20183
5897
2488
899
3975
8498
7916
1834
12537
19803
6045
3261
1395
526
13533
18498
18518
2927
20535
8724
7825
12987
13111
150
2375
9604
13525
8749
12873
10273
4574
9851
4423
2629
16745
15439
18543
10066
20415
2220
15288
20380
5291
9406
1582
9906
3208
13339
9410
6261
14372
12797
19473
15827
4081
20309
12334
10014
20195
1038
17164
14200
19764
18707
3508
15345
2475
13325
17517
15131
15194
5002
4134
12752
17116
1043
10003
7929
4649
12605
600
17674
11931
7271
9116
17654
7453
19234
12116
13469
12319
2546
13310
5093
5920
19931
9225
16984
3192
18487
7466
4187
10205
20118
13061
16590
5351
19648
11452
12796
11241
220
8165
5458
10133
19562
6249
5809
9638
3740
15460
844
301
9157
5889
19968
2849
11907
19050
19869
16017
12373
3269
3831
9663
6482
16714
15905
18910
12782
12362
9217
12780
18601
11961
13450
17970
11014
1698
16725
14980
519
14665
4341
9628
18357
3767
6263
16249
11468
15899
8027
18508
8882
11960
17188
15551
15120
5239
19838
17602
16307
10691
20278
11275
5991
6717
5182
2753
11243
7406
4692
10852
5170
9335
12074
5667
2190
7180
14211
17546
10607
6725
4853
7438
7347
7624
10319
5702
5959
2764
6018
18685
8759
3168
7688
8601
11418
18561
11499
10705
13300
12647
15234
13980
6156
9473
16302
1061
17538
245
19159
17776
9514
14072
17010
10026
5792
20365
2170
14865
10679
18384
1201
20375
10100
11938
9111
12900
2470
1808
10843
14660
729
14149
11297
4142
1776
11325
14277
962
10151
17463
17601
20236
6003
12674
14940
18144
12240
7431
17245
17247
1102
10840
8703
19976
19356
1396
6182
303
3311
4282
5639
616
17050
976
14302
3998
7236
956
20322
19733
18048
20623
1505
17003
6584
3602
15470
8801
13185
19046
14953
3180
11244
3270
7988
10454
17600
14577
1405
18694
18492
7780
406
18688
14240
11723
2855
20621
6680
11529
10058
8571
10988
11509
14252
19900
16335
8416
16178
5052
18324
1180
6444
14492
19254
12337
14417
18276
10283
14697
6987
4698
11906
17328
12387
14924
14456
12775
3057
10506
1661
1549
6183
13854
8852
19482
6980
4036
1197
15248
14021
15178
1129
11568
1832
14134
19540
15907
4083
12863
10903
15676
11560
13903
20255
3115
8289
18058
19784
19861
13494
2813
4268
13352
6244
11616
16429
12733
15885
14672
16769
10742
12717
5118
9306
12321
17991
18594
6870
6276
16786
9933
13818
17430
17938
7080
2724
9566
11857
19040
10042
1131
2896
13085
12313
14195
1433
12305
16875
19414
12850
5324
6340
4053
16872
9789
5370
7483
6820
15784
3813
19548
12260
18706
4945
428
16400
3880
16270
18676
4016
10390
18656
10850
5254
11160
15553
7394
13790
17115
20086
12210
6469
1457
4065
15708
15777
7638
7336
9322
17586
18129
7593
10643
6450
13574
13462
2318
10634
12743
6429
16618
17251
18680
11023
19870
15411
10476
7906
3188
8108
11399
14983
13429
7267
11083
4173
10892
602
15145
1151
7936
12613
2861
5987
17825
14801
8645
1353
6233
5865
5540
20225
9347
18064
10541
5302
13767
5684
523
1303
437
10912
5659
17342
16808
2368
14157
5175
14997
19596
4148
9619
16531
12413
16271
13560
19306
9430
7154
18826
15001
18620
14129
15481
9703
2027
7443
6458
4984
18951
20029
16850
20218
9531
2381
2835
8754
17757
16232
15121
3194
15483
18791
3232
5135
12856
15642
3781
7642
17197
13399
19516
12053
19381
14378
7388
8684
6762
7120
10073
14007
5319
4626
6674
16068
2687
14928
16361
1195
17667
19280
14145
15870
17418
14693
2566
3986
14820
12283
19147
5541
16770
3001
4032
10091
18280
9594
4150
4824
5115
13643
16263
551
7087
9505
7293
1236
58
65
10290
14822
4701
16191
4960
9305
11678
14457
5005
18426
17317
8721
4441
5942
20421
5539
738
8063
18326
7808
12139
17805
15760
19416
4111
3961
20423
4693
4037
18233
9695
2346
5373
10546
11196
19262
227
1226
4247
18814
17944
7335
12236
2262
1098
16553
2263
1477
1837
5592
11769
10032
11810
5347
365
5009
7254
3720
1794
14312
12297
9310
17900
7385
4513
13463
18546
2805
20531
11195
16111
17931
585
12223
13420
5750
16247
9990
2512
11227
12742
19651
18253
20348
11125
18537
14317
13995
1971
3920
3603
2057
19698
20633
11746
11715
1278
13908
15724
10280
13774
11200
9466
7237
3595
2111
3155
17607
8729
9927
7723
6419
5251
19984
3838
10064
8973
8521
6011
8763
19951
1297
14291
16866
6428
12327
18142
19485
14617
7997
9530
5922
11390
7340
8272
3558
10220
12530
9366
8676
10695
14267
16712
15463
9330
12820
8306
13673
17984
8082
7433
19424
9512
2478
17941
566
4800
14006
1743
16854
19584
15365
1108
11337
11893
12514
14355
12540
9737
583
5710
8187
9715
5281
4363
8890
5204
10617
6028
87
3135
5089
19421
12533
5376
6514
525
8644
8612
16699
8651
19250
10854
13857
14993
716
14836
18290
5028
8183
18472
13071
20134
13676
15929
842
3814
16606
5637
12708
1771
5131
20163
7240
10470
16199
16218
8225
7408
7169
16979
9482
12171
6480
11303
1538
4956
10152
11619
3128
6176
17713
13103
13561
19592
5601
20466
11134
3628
13994
9719
3830
6914
2529
10549
9334
2476
12862
8603
3427
19150
603
8153
1730
12728
3851
2802
1638
271
23
3440
14531
10371
17321
822
758
18479
17059
574
9529
1865
13768
10573
1382
18643
14228
11177
3193
7831
4624
6099
16819
19103
15236
16464
281
5835
13900
14823
12749
391
8092
17066
3238
3671
7628
3085
12065
9545
17228
9502
10886
19213
7357
4461
19704
11909
8773
4145
9841
14054
8356
13927
10087
14780
10251
8666
7804
12944
17159
8528
17373
8121
6339
5910
5422
646
3748
15944
19632
15660
9573
3994
4298
1689
8209
1649
38
19418
12583
10230
8481
15709
3230
2446
3374
12889
18849
2405
8859
15090
6792
3257
4013
7277
9614
7982
3435
17420
8062
9343
17332
11085
12180
6383
15142
14247
3727
5700
2052
15000
6164
71
18961
2789
19347
10977
10568
4331
16873
7410
4553
19631
12487
439
15568
76
19403
10417
15490
10342
14764
4850
18328
573
2360
14017
1246
1099
11291
15686
19357
11412
1536
1718
18455
15162
5429
8502
4637
10472
1370
16491
642
7081
3585
14565
16390
11005
3618
1308
12911
15578
18928
12895
17764
6272
18846
19044
12932
3777
9815
2610
5487
2189
14512
19222
17211
16364
7832
2573
11187
6932
13897
105
3443
13799
3849
14734
7796
13102
11126
752
19906
6810
17034
5068
17333
16436
1811
17266
4123
16164
9434
1324
17877
2654
19446
8508
8634
7133
13775
9091
11791
1613
19845
14405
63
5887
4556
16635
20543
8915
18954
15191
12145
13526
1371
11881
7691
14273
17390
1217
20221
3418
16272
2834
2000
8911
19581
12973
5939
19035
14698
7268
3856
6349
18764
1760
12738
14602
10507
19847
3265
4854
1926
6414
10608
7022
3380
7467
19346
3918
11988
18010
10625
5173
6092
8642
14403
16710
7072
9770
6894
14579
16908
19856
8884
6590
3965
16131
15707
17120
12748
7177
1344
4915
18183
10357
1783
4526
14181
13605
7670
4099
359
15036
15509
18570
18711
15587
11152
6948
3139
404
4571
11855
12396
11690
16695
18094
15545
19433
3510
16259
1207
8408
5965
11168
11421
3754
7813
7368
3353
16600
8423
8322
1233
12472
6703
8938
4186
15102
12150
836
19734
11043
4327
1042
15837
5193
16268
14146
8968
11252
4990
11490
6268
17327
3090
1123
20027
8412
19187
4548
1247
7840
1885
16925
7020
4715
3453
1764
17565
7821
5122
4519
19860
16859
7140
10492
9865
3634
13590
14467
11491
9901
2455
12157
12829
19638
9697
14046
12392
16376
4446
7949
2713
5267
5948
7932
18437
968
9276
3700
7091
10732
11429
9197
20349
3715
1007
8103
19244
2856
438
19320
7553
2422
7146
4194
647
16603
13146
11823
9544
1701
697
4141
20469
14550
12598
894
11512
10775
1721
7442
19012
14438
10569
1664
13337
14420
4426
8115
6328
9424
17381
9332
4232
7789
20270
888
13177
10154
5023
10226
13578
18647
13159
5297
13294
6969
1262
15815
16188
9318
15875
18138
18263
7749
9830
5616
14500
1381
9161
1367
11778
4263
3313
1237
10503
1012
2799
2895
14383
6640
6027
6978
3063
7823
12582
10400
1781
17821
18431
14945
8120
1970
13514
1782
2749
18692
19411
2043
2243
15888
16377
9587
18462
6168
14124
13317
15614
7126
15317
19131
12988
20024
12509
11891
18251
7827
19928
6131
1011
8139
20211
3638
5668
13075
7778
16168
4063
19063
11578
8619
13149
3604
6298
6796
12196
8155
11269
8468
2993
13138
8593
1586
6971
3035
19200
17978
10175
1717
16114
2551
14567
20614
9634
13012
10053
15591
17597
13849
4999
11929
19402
19245
6605
20208
637
18186
2495
10128
18442
19048
628
7711
10824
3315
6704
3954
6377
14754
14876
1487
3491
19506
19282
8659
4567
20505
16797
15511
1702
1952
15539
12341
20542
18611
4428
3809
14705
4806
9442
20201
992
14337
5497
6026
13597
7864
11605
9592
2223
18174
16791
13409
7507
4629
10576
17416
1052
10870
16251
15617
20426
13754
6197
114
14216
19001
8946
5189
16024
8126
9508
18641
12893
2125
5044
13637
16487
13135
18117
20468
4421
2683
18859
5101
10247
10659
4041
16273
15448
11415
17345
6321
8166
14675
4807
2989
18350
20081
20389
20564
15914
13593
276
14630
1969
4198
18149
1641
120
12957
14623
7032
10363
18397
17261
16711
4338
14958
20379
9498
19034
11226
10405
19383
4678
16955
11590
11288
10790
13226
8584
14451
13422
17785
5472
14477
8845
17182
12251
18153
2655
795
16758
1590
19129
13145
18344
2616
17153
8544
16876
4952
19872
527
20588
8668
18189
4674
7950
9469
13603
3032
225
3436
3812
11783
12037
13489
16083
118
11852
6516
12490
14167
6713
18390
989
19525
9462
9138
11447
10731
7384
11280
11945
2500
7904
2507
5555
8893
4835
8105
4937
5386
16030
7386
18488
18730
16719
2106
19750
2273
3217
16522
1299
15659
3347
3098
9018
6389
16820
11262
15075
6464
9346
7257
17001
5877
5709
19837
8602
9724
8541
14647
6225
13198
19255
12821
2689
15064
9850
13585
19812
5914
2858
436
831
13125
11220
2083
12020
5265
6670
17566
1090
16260
11962
5765
10416
2893
17692
15834
7364
6
14700
7428
2869
17246
11744
13635
16106
8186
6184
10933
14060
18285
7873
17852
7012
9654
20302
5029
18041
12969
9558
9099
286
2137
19154
16602
6404
6622
11804
3907
6213
5524
19766
14212
8264
19534
1222
2161
2622
11221
16239
4415
8742
7621
679
15468
15937
20048
9934
6665
17277
12395
17976
10034
14788
11950
17256
20022
5759
20406
11438
9666
7838
6872
19353
18391
1797
4551
19505
13139
5381
2976
2146
14201
6630
4357
19140
15713
1806
14176
4924
10385
18035
6456
9681
15098
5760
18051
4408
20430
12622
6177
17471
13944
17644
6957
1125
5482
19125
4544
13811
6643
2898
1615
17923
6195
15561
15872
17106
1805
2259
8263
9880
4369
16780
11405
13188
8755
5443
13765
12845
14448
19708
12213
3154
6271
19668
6900
7769
19806
15880
5802
16183
9100
13691
3872
19480
457
11915
3663
16299
15594
19691
3277
17427
11987
2520
8232
19488
78
5528
4694
19542
1383
1243
17004
8239
4056
17377
15239
18101
4731
3259
10914
19761
4725
17889
17222
3110
11356
5056
19099
12004
965
13826
1902
5327
18769
20400
10383
20497
13089
15262
766
10723
12905
7264
18404
13719
9254
13963
10853
16630
13381
10703
13510
7845
6805
10773
5980
15212
20308
12847
9014
2606
5191
4279
1587
1694
11307
15878
20136
12096
9784
9170
5974
11981
2453
15464
16269
4089
17508
6709
9359
20141
15327
7512
2962
18828
3203
18683
3919
17436
4405
1049
4207
19925
2025
5708
3293
1017
9003
16476
5055
16442
7389
2947
6436
13001
11096
18607
3878
15455
16019
129
785
1853
18447
689
10930
19639
14335
15692
20482
2867
2775
5935
7055
10965
60
9556
15284
2792
15381
8022
14544
4349
13617
16738
12615
7948
16220
14863
8817
14156
1998
8160
5212
8559
14196
18340
4204
6210
9193
1704
6462
19700
2746
11526
3762
11255
14640
14658
1088
17732
4717
20116
12982
12488
3196
4929
14497
8258
8960
6657
19779
2188
5178
18408
16159
9495
14921
20602
14479
20360
1519
15231
4778
3413
19523
15215
6995
14322
16172
11743
13501
2313
6126
4732
8467
5426
1891
9328
3780
20474
197
8640
15515
15575
14996
16246
7068
6592
15309
6292
7457
6451
8255
14248
10237
20476
5804
6251
4366
13123
20023
15403
2067
3570
12388
5687
13795
10889
11899
12759
8466
3779
7844
6071
10487
5081
12256
6107
10051
10054
13082
2229
14098
16187
16234
17875
3738
12379
19737
13474
2847
6148
883
14947
13675
14799
3410
8157
9449
15533
12581
11963
2902
15634
3291
20378
6918
17619
15417
7511
8417
2524
15819
4983
3869
19092
20592
16960
11543
19567
7387
3067
10035
1075
19123
18204
4151
19451
19944
7469
3373
13168
3467
10722
5530
4757
20341
4504
9190
7174
16073
13583
4394
15048
15658
14981
13961
6009
19344
19703
12369
9548
15838
4493
13706
8674
17960
1267
18372
5516
6160
6185
13913
9029
2149
1864
15336
14917
1831
6088
15108
11596
4630
13241
12624
17091
4163
20481
11042
670
10426
7439
8590
518
2250
292
344
10538
9637
19107
14483
13918
8486
14702
1442
12291
13387
16855
16708
13566
741
1142
8346
15750
12683
296
5896
16992
6323
5226
10847
1155
1113
15849
18125
3031
14229
16439
18727
13267
19058
6248
3171
13349
16009
18771
11387
14773
14726
16190
19789
4012
11661
6889
12754
10061
18665
14753
9491
7166
18984
259
9056
7700
15270
8446
15389
4062
10489
20175
3369
20018
11573
9243
7273
649
16985
3501
384
16195
4749
19575
5666
10439
11123
16326
7066
1002
16839
18666
10258
3103
17795
10741
9075
8624
11420
12729
6708
14933
4531
15821
13170
19503
3095
751
18800
18278
3978
16022
19297
11728
1713
6447
2757
15360
6632
10372
10762
6984
2634
6346
4002
4811
9270
6842
6097
9308
6757
13315
10956
10365
14377
5399
7106
9440
1593
8978
7853
19362
11457
13817
16286
5619
14313
9911
20041
19
5705
14629
2868
6072
12416
17849
12552
3900
9148
19236
4785
18650
2653
9801
4573
12482
7248
6316
5512
8332
18499
7216
5686
4196
11073
2718
7614
11812
14731
18895
3573
11088
13508
15623
19749
14461
1214
2292
88
7057
1940
2071
10557
4497
3028
19842
11626
19813
1789
4316
16110
1275
5582
15657
19076
14745
12724
19206
2747
11474
7933
17521
15653
9255
13832
14873
16681
6421
19730
10594
502
1720
17989
14087
13778
19695
16932
4971
3955
3190
2306
8909
5470
19231
5072
19918
11594
8257
11627
5364
7967
2699
1462
8500
15685
14850
19678
7292
17468
3292
13563
13455
7758
7870
17260
9524
8046
4242
3536
15093
18206
3018
17121
20456
4271
5334
1977
5799
3917
12230
16254
5819
14653
5148
6147
16064
11854
10213
20636
5954
6096
8301
10778
17127
427
10420
9045
18673
3968
1389
3251
16092
15363
15719
5840
9265
16451
2550
12665
4476
19161
10404
8916
15310
10689
19378
2628
7861
14555
17544
5674
8426
14942
2080
16926
3050
4803
903
19304
8796
8731
18365
8321
417
12516
9230
3835
12792
6283
9275
7416
8334
3423
13634
11472
1748
8732
5715
12311
14279
12399
10779
2624
11911
13694
19184
8906
16649
7377
1319
11832
8529
14064
3492
9192
9825
7763
11936
3839
14886
14172
897
13390
3701
244
5544
13195
14999
18160
10033
16560
10699
3751
9382
8152
12551
17728
20292
68
4203
5536
15926
17061
8785
1409
10905
8982
9676
390
10793
6521
20164
16357
16783
11624
16650
4872
6070
9409
3800
2933
5562
5643
4191
18762
5335
2477
18677
19496
17742
13372
15259
4334
9979
3036
917
16827
7574
9952
9300
825
9369
8971
11416
8811
13661
10182
395
11809
17735
17664
7360
3709
2256
2694
12808
14664
3902
11579
4245
15690
9873
14269
12887
13166
18715
5724
17230
4375
4535
14901
16423
20394
17255
19892
3759
4088
2336
8998
1335
8476
12817
11966
17292
6526
5960
12377
15324
4488
18792
20560
8996
9386
6573
3564
8032
16343
6044
19891
8244
17165
19139
13486
10724
19249
12120
13814
20576
1161
10015
2647
14557
8696
14825
2116
7686
17549
17186
19725
13275
8448
4894
20184
6635
17810
14012
8997
10331
2761
13568
7163
9320
12126
13804
2996
17939
16027
14896
10561
12181
13523
14032
5780
3387
5266
17419
10755
19647
16669
2024
4892
2833
3612
8444
4607
18150
8746
15981
14272
10386
7288
19406
13809
4951
10908
1033
6254
8819
6075
12607
19661
10748
14427
18973
11784
5853
14258
3225
15222
7699
13825
18229
726
17173
12857
9710
6906
20569
5342
4412
1397
20464
18705
6121
3600
17558
2700
16011
5043
12454
2744
16158
11558
3694
1588
8789
8434
17781
488
8554
446
226
9528
6938
2227
14669
8013
19119
6341
4414
16942
8506
7532
272
13527
1728
11212
4642
8787
18640
7404
2117
3140
7009
5671
3384
3506
9448
14393
14441
4003
6835
14481
1659
17684
3248
11199
12154
15960
13161
4175
7007
2337
10649
16206
6485
8112
12123
17490
14673
11007
1857
1709
5846
20174
283
13215
18219
16728
20611
20089
14528
6963
15371
14590
16356
15211
11217
16697
3522
8382
19624
3108
728
497
7191
208
6955
11939
3136
11845
9130
9164
20483
14111
96
4293
14889
2374
16789
18851
11013
10788
19483
12108
7373
9072
3993
8979
18345
16945
5794
20220
2998
18121
1218
3236
10466
14900
7896
18262
5336
2332
17511
15874
1707
6245
5506
19084
9986
265
4505
7798
16761
16086
14488
1520
17699
14560
19315
19197
13319
3433
70
18767
11440
6145
3397
2236
20232
17570
928
15148
19365
16396
6545
17123
9285
3730
8501
16050
6876
3058
1206
5691
17047
1762
20523
15426
9361
16433
13836
7942
9426
324
12899
14723
17052
9569
17207
15745
17388
7724
5109
20280
18575
18835
12460
3487
16690
5872
8557
13218
18621
11460
9540
2830
1452
2084
3172
8119
909
17513
8268
15542
11169
10932
11871
15972
13931
11419
6043
6113
1266
13771
19295
9337
10866
20038
1650
1292
7370
4821
16862
16345
14086
3179
18502
656
19479
8878
16387
19946
3608
7753
20467
18489
18556
10595
11773
12616
16225
2491
18273
13945
18770
15813
6780
20146
19608
14222
1083
1443
19073
14763
4182
14075
2376
4763
2866
8594
9439
13448
2010
5024
16534
4866
17180
16773
17835
20121
20102
178
17802
9461
15461
18523
7513
14502
12517
17637
11943
17192
9794
19466
11068
15356
14358
10208
3755
7911
12452
16563
7868
2777
5152
19019
17152
5852
6260
13732
7250
16886
20607
8196
11799
13619
2058
10589
12253
2367
16264
17627
3550
9575
13297
11803
8677
1242
10715
19072
11928
9632
5263
2011
7498
7647
9431
13888
468
20103
17021
4318
11861
19541
5249
1183
15456
3743
769
5662
18049
9250
18731
8957
214
3125
6851
8330
6412
18968
3513
2103
3626
7872
15712
19920
20185
3386
6756
7969
10971
16696
2248
5801
11720
2678
7400
14615
6146
6625
92
14304
1980
4814
18414
2209
6030
4752
4260
9938
14716
15611
16338
15058
17240
3963
16588
12783
15228
5343
16354
19513
8959
564
12777
18660
16137
5134
12655
10937
2521
8250
3951
1198
12427
11407
10199
1584
3540
908
1610
11333
1744
8009
12401
14452
19526
6171
14400
17617
5563
1336
13488
4157
14498
11789
2198
4550
16750
2913
16924
6660
7987
15832
4595
1715
4496
13417
9457
9120
2413
19205
4848
5620
15419
8122
12220
18001
14937
2812
2742
9336
9263
512
12653
15906
4786
11478
8660
1230
4583
9932
1255
6621
18522
20188
3071
9042
543
2637
704
15746
15434
19822
14878
10126
15196
18796
16256
16176
12288
17777
17979
15319
15240
7665
5395
19317
6749
13439
20553
20491
6919
4091
15027
30
18974
6473
8587
4224
18401
8066
6150
17280
2214
6056
4430
17215
19741
8143
13695
15424
5558
14676
9946
9286
9627
14969
18693
18444
6591
3020
3909
7165
12466
20395
17226
17653
7658
18999
2289
6887
12284
4411
12175
3712
3785
13782
12103
4631
18912
3528
3153
4474
5416
14539
13923
4075
18557
14155
7341
1438
6744
14829
1943
12216
3352
781
12276
19671
14582
10166
10857
15526
11901
8723
1968
18604
14340
10525
13316
8324
13858
13529
4590
4027
9783
4155
18844
3894
14803
18449
13076
7489
12835
14843
10118
10968
15293
1751
2326
14504
253
4794
12809
3950
2216
19935
12689
17888
13620
16646
7186
17797
14839
7002
7000
17626
19801
10043
10542
3156
15082
4398
3425
15104
5100
9048
13230
16682
14689
19210
14480
12833
8808
16743
6373
8318
12736
7973
12651
19865
188
3689
20478
12788
15321
13403
1651
20507
17425
12258
11135
20056
16305
17824
12303
19573
15207
11516
14463
17046
16581
15489
6834
12740
3231
7185
4015
17863
2325
15778
7218
15865
4605
11350
17850
16346
4407
6580
19915
12569
2543
7045
18720
7283
8966
16498
17264
10197
16057
13035
7597
10949
1642
16341
9597
17254
165
5807
6765
10421
15950
12425
19257
14798
20108
12876
16142
401
18171
13454
7017
14604
4576
16147
2462
19975
15484
14635
15696
12512
2121
19266
10764
18788
13692
6972
8422
4599
17724
5242
7917
12546
4615
8929
7736
18724
6667
6242
6372
3441
3150
13602
6360
16258
14994
7460
6494
9191
10829
6391
11293
18159
20069
14493
3302
645
1927
2991
18246
6270
15616
16096
13803
16034
19326
1629
16648
11879
17466
15290
7203
13053
14717
19798
12073
7145
12084
14385
12700
5447
7939
10326
9321
14837
6895
7491
6594
18515
159
16684
15100
18423
1761
14343
18112
8687
17834
8242
3859
15850
3924
17322
19497
6929
13981
10313
12693
12851
2319
12111
2203
2932
17358
17200
10683
17417
16416
14549
12394
10942
14960
7168
2978
9753
2872
13024
1304
6954
6737
17054
13669
6029
3432
4986
4869
15968
9843
5159
15787
8547
9625
5211
8892
20327
14220
19332
15572
18943
14388
8114
5650
11318
12663
12143
6527
19612
14418
16444
10918
11662
3607
19897
15886
3258
9058
17331
1252
5873
17184
8329
14864
9827
8874
15608
8149
12478
10090
4482
10799
10566
20295
17966
955
5741
2090
3605
5456
16575
18658
5243
19829
20434
8988
3405
16192
490
20241
14678
18434
10980
12596
1839
5358
12384
17796
7544
8736
17339
10540
14951
19502
6935
4659
377
5140
9102
10917
4885
19804
10500
3624
17691
14121
18474
10260
18066
2931
19919
15941
10079
4262
8180
13406
787
2359
310
13027
18529
10067
9149
14686
43
18020
8883
17140
10858
14407
7082
18040
5703
12935
733
2915
15256
542
8751
19564
13426
12063
12604
11009
5402
2939
10350
20096
9398
3921
15753
7662
15488
12890
16409
4879
8477
5423
17244
10352
15496
15292
4040
17479
2909
3836
10044
2641
1749
12853
15991
18617
2773
16154
13008
9711
1551
6117
5826
9723
13101
13577
18563
10923
2612
6443
20617
17213
8219
2589
15046
4397
9858
18966
5771
12803
4639
4120
5464
2305
16244
17293
14770
5406
12534
7302
12433
13223
7835
5868
6169
5086
16634
13687
11066
18392
8367
7923
11463
12698
874
5171
3889
12871
17961
12701
1459
17638
7149
449
12407
9362
14197
6959
11345
20002
5962
12235
19604
6575
13958
5560
5869
19669
9114
11745
15055
18759
9123
20020
16410
2698
464
1057
12326
15761
17967
8918
15314
20127
15210
9613
7546
6178
18036
772
17315
5714
15703
13183
1871
7913
13850
20300
9900
1877
9092
15631
9169
16405
14631
4485
15704
14718
10767
14354
8201
17088
17874
6207
5723
10624
7444
11394
17147
652
3840
17761
11483
19623
16755
314
3086
13165
15600
15170
2595
3224
14793
17919
16597
17527
15154
15990
18877
1491
4745
5070
16723
12182
13653
18335
16230
16392
10176
10675
7381
7206
7214
11402
2977
1673
6739
12553
1170
6802
14003
9307
4008
16443
17364
15909
48
6772
9173
2876
8117
14093
10246
4600
6290
10366
7701
7088
4985
1485
11383
12462
172
16060
18420
2864
17031
11827
2435
6014
6194
18959
9301
3598
6087
18811
9664
1263
13091
14447
3929
12719
1378
8718
11237
4618
12109
15844
4286
14816
4788
6644
19166
3477
706
1693
17868
16510
786
14923
9810
18822
19392
10720
17573
6875
12374
7403
1112
20304
14327
11090
8804
9504
6033
4060
10786
11977
13549
19563
20613
3726
16298
12022
16892
16547
10374
20484
683
16340
16507
17402
15727
1917
18746
1337
19224
6553
1471
11647
13997
104
2604
16398
16795
9376
16935
5785
18531
10245
6459
11278
8711
18988
10516
3211
18321
14939
4170
3535
3773
18454
17656
9177
10941
6899
11373
25
808
2005
1965
5313
17687
1208
810
3974
11018
1604
4226
13943
13477
19772
611
3299
12
14775
6829
13028
7538
8110
10681
4391
16240
15569
13658
1164
20429
6281
15689
8589
12707
1692
1804
13822
7153
7170
9257
2663
16133
5477
11856
18866
14199
11872
19120
11933
13524
18212
6079
13427
6023
17370
7027
6038
10610
5675
7737
3820
4370
13214
17044
2515
587
4401
10396
18967
18108
5795
6937
4436
12075
577
18333
4382
9984
9606
3790
2397
8231
10713
11916
3408
6696
7863
17022
2625
6519
1310
16807
2755
11488
17568
18773
4941
18389
9131
19970
18347
16861
828
7606
19214
12275
20551
4314
18238
8958
1437
7199
2389
18275
535
3666
4024
823
13086
13119
7889
18795
19887
13153
11890
13864
14159
11846
11825
17350
17857
7518
19696
20610
4205
17876
15477
6602
8372
13460
7311
1557
9041
15392
2301
18671
6923
7990
3613
1589
7818
1327
13335
1994
13960
12630
9160
2561
13999
8765
115
14185
17646
20390
8565
667
17324
10974
18354
9761
11242
11702
4456
6132
13199
12938
19330
5612
19997
16485
1074
14599
13291
5664
2138
16144
18014
14581
15182
9472
12162
5551
7481
594
2494
17039
16881
6149
16653
15016
10725
15006
3504
6021
9863
8774
15123
1431
1731
6463
20580
10623
12440
11997
16586
14893
20527
20584
7702
8832
16870
8880
17470
13652
14108
19982
11062
1712
13243
18655
5916
11983
10408
16843
17481
17895
11608
1373
6943
15445
8226
9919
15251
9776
12484
5444
2412
16216
14029
7653
6800
3424
19674
17820
10148
11367
11336
18879
12228
7260
7685
3147
8974
17032
12118
20391
11409
13043
13309
8425
655
7725
6844
10817
14370
18244
12045
15172
4001
19805
6379
19995
3905
15803
3226
14357
4759
16209
19405
18810
19467
20162
14386
17467
20063
17697
11819
14988
8952
20442
13048
9793
11184
8733
8284
11986
19923
5878
8757
19454
12995
19883
7074
3331
13727
19142
9194
7542
5328
10874
20323
3884
15144
8380
20359
14102
11428
14789
6615
12997
19453
15216
4189
2334
17951
16198
2739
9188
10951
7744
2817
5192
14166
11339
12763
17688
13884
11964
12723
11366
12926
14082
9572
20097
11
9790
6089
4529
18990
1768
11633
8768
20452
13671
2534
14760
5082
3825
671
4220
20158
5194
15764
15443
19088
18794
12106
17779
3736
9474
13413
9635
11253
18177
7164
12391
20453
9808
11314
8493
5498
17588
20361
6061
5688
3398
7750
7369
5844
18411
17224
11332
9611
4347
4612
6836
12966
15009
12008
8747
4510
13801
6905
6376
13639
8207
17859
4193
11717
1678
4994
7734
20016
19284
9113
3114
10179
2791
14559
5213
2235
15770
7775
18240
2783
5436
12420
20521
18054
19410
12125
6679
4162
4632
14364
6671
5956
6891
10434
12299
12866
5828
9616
7324
19182
6520
11820
11711
9227
11775
14583
4881
16678
18831
5368
20537
2362
5934
9146
20271
2463
19884
7535
9416
981
8564
6253
12561
9043
12978
18827
5461
15062
8270
18467
15948
4023
18480
3922
7504
1504
11348
9994
17516
6333
15963
2182
10330
13731
5227
12949
6299
4057
4608
4131
1290
12410
10893
12140
15540
8730
7204
5315
17765
1639
9996
6559
16868
12692
5127
10413
140
4237
14239
171
11932
9419
3576
10920
20319
6123
8275
14828
16579
11322
17378
18603
6642
18198
12946
18441
4507
16587
6180
19283
10663
20047
627
5779
12609
4458
1231
13698
11640
6994
18353
11309
17380
16103
10146
4516
14592
160
7646
17947
10781
1752
10523
16832
13021
10630
18774
10324
14507
1807
12680
13301
16670
4108
9206
18157
1577
12710
16621
9299
8994
12092
18778
2152
15993
684
2586
12628
3079
5369
8262
16151
6374
19712
16127
17861
5902
10929
6479
17585
19377
8679
10798
1527
18505
11401
13505
17772
10388
17397
15253
6034
20306
20366
5966
5531
10622
17963
5125
16306
2667
5744
8140
10806
6652
15499
12243
9871
19352
20248
2276
4829
20196
1323
6295
5692
14840
11631
20493
12187
10343
15641
4898
2302
15306
8099
5106
9881
10671
19359
20386
18243
16903
3281
12918
7497
6354
17235
2871
11639
3186
18294
18885
2798
4940
13750
10783
16608
4264
12544
18825
14728
9546
10114
9562
11976
13824
1374
12060
2056
13662
10672
10922
9536
4536
7799
17422
9861
10464
15691
9350
6128
4044
4074
1842
8888
18306
162
8792
20049
4596
16394
3559
9262
18284
4356
14334
9025
9716
19321
16982
16352
2772
9782
6898
5111
2964
3622
18987
11968
11104
18989
15936
14912
12695
6496
15891
5627
1187
14862
1945
8813
15618
16599
10409
7
3123
8917
13392
17828
3471
16739
6338
9848
9302
6172
5341
4569
7735
13364
19522
10939
11550
11959
18155
17830
13419
11876
1959
12138
7727
8480
16233
184
1522
13210
14891
12344
329
558
4888
16559
5693
1134
13970
8441
12675
15227
17934
17790
18948
13528
17817
14238
1137
20137
8384
3385
12601
14593
5389
17613
2419
215
19903
7354
11613
16196
2048
14509
1985
7496
9450
5773
6746
3642
4238
10397
20420
15749
6085
20191
14955
11057
20383
12883
9537
18983
13851
18081
15558
7903
14941
17731
19492
5027
14281
11264
16578
13196
12248
18865
20115
11896
560
1063
2063
3707
16799
13515
8299
18257
14105
4718
18751
7683
8064
3039
11788
10378
15956
298
6337
15903
18030
11364
8695
6989
424
13808
6191
12901
15846
1564
7156
1568
16675
10975
8924
2828
15767
6055
16741
19663
1967
1408
8198
1535
307
3495
16778
10952
19940
10911
7678
6567
13353
20044
553
3233
7934
14345
17136
19547
4756
5727
16186
9522
17897
17432
9730
15868
13105
1894
2315
12255
9271
12061
7609
8276
2850
20122
13753
15415
9200
7755
13037
2635
6690
11186
18636
13129
2735
20256
16467
6495
18433
9144
9471
2424
19902
8392
198
3875
8848
8096
14047
13846
13235
16424
5499
4445
17177
16157
16655
15679
19873
79
892
19611
5067
15086
4315
7661
17791
1343
19598
11155
14570
20113
4782
20190
6238
14390
17930
16576
17652
379
8402
3682
624
14160
20524
15380
19305
8439
11898
6863
1560
10265
14325
444
14107
2768
4431
6798
3675
7508
14710
20073
7882
3941
2780
2908
16978
9050
20251
11575
8722
20202
13954
13966
7577
7042
13290
11733
16947
15355
14677
8516
4209
3970
5166
1107
10399
2632
20398
2873
8387
6884
19831
3967
11389
11408
5521
11790
217
930
17758
18858
8296
2451
9152
348
10509
5176
15586
5925
17559
5754
7733
6776
1724
16544
3316
12018
4161
14049
6638
14214
905
15501
17353
16229
6403
5367
2790
110
11404
15022
4004
15151
3289
4261
18755
6091
979
13283
3116
19160
7801
3300
17030
1863
601
2219
20363
18156
20099
16529
17833
7040
14369
1062
469
14478
517
16309
14316
2517
10598
15920
17265
8562
7502
16963
8302
9121
5432
7036
6418
2461
17655
19248
12958
13351
15662
2973
11671
6035
20353
1455
1185
12091
20388
11787
12986
2560
3043
13806
18008
13741
8543
7738
5958
7299
942
14019
3620
484
16006
18646
12625
6693
6651
13922
11593
2251
18139
12888
2941
10305
11136
3472
528
14824
17718
17300
19746
18712
10169
19655
17259
8556
3016
10615
14473
17477
15213
13178
4152
511
9840
12290
9139
13483
10752
1667
1177
2958
8304
17663
6824
17786
6646
44
3061
8615
1672
6237
12435
7674
13720
2514
8931
9599
863
7063
2892
15796
12201
9829
7837
13638
6289
8148
17662
12867
14739
3078
13253
12403
1372
15882
15076
10865
1619
2445
9484
4737
11236
16082
17526
19881
4404
712
7456
3949
14618
18740
10676
13909
7611
2163
3644
5548
17394
8936
10023
19457
6325
11614
8414
6083
5679
13421
5431
16583
6109
14151
12176
11866
10266
2174
4440
7322
12080
8159
15714
12317
18824
132
11254
11143
9253
12177
15772
12690
3866
6695
18210
6352
11154
14471
4730
15
6931
2028
9293
1602
17682
19358
14141
5130
5261
8473
10864
10690
11850
13255
16327
4959
16000
14285
12127
11414
7756
11344
4243
9231
19141
8889
19313
6266
8866
352
12731
19672
18540
6524
17268
3524
16948
20600
5388
12826
16403
6393
17865
8171
13282
12861
7530
190
10325
1178
8849
7790
4746
4442
5749
952
1795
20381
7147
16222
15585
10565
10747
8945
14792
4704
15946
3144
7842
9675
10803
19794
13990
18689
4843
10270
6860
17562
4159
18346
5670
5017
17750
9538
1670
17273
7664
16453
14442
1358
14720
8991
11019
5353
5096
9287
20092
15147
1148
19148
19091
5505
18069
18231
2999
13211
9935
16864
809
4542
13179
5883
12476
8259
17519
11249
13270
18495
9717
17858
4741
3855
12699
16350
2920
7051
20085
3723
11740
8582
10471
19509
13700
13025
8984
16851
13341
7709
7900
3793
1747
829
2679
2365
5747
20138
568
6467
8325
6551
5097
6457
5606
4129
2848
20171
6296
15512
4648
14318
8505
7980
13285
15935
3543
19762
7476
8005
1138
18267
17027
18821
10076
10449
18939
3641
18311
3587
19445
3696
13612
18034
3329
9631
6042
18494
10529
15613
14174
17399
19572
1091
5124
3614
14320
8025
9639
15302
12659
870
966
14730
2576
15564
12076
6827
17748
7680
2242
4092
12507
7571
223
12039
10774
12951
14356
158
1687
15910
8195
3338
15109
10302
18894
14440
5311
14756
6916
4760
11533
3321
15312
8727
19599
7729
10467
3688
11445
14791
1039
15177
19945
11052
1031
1813
15208
10200
15150
18473
6478
5975
16977
19977
19561
10571
1449
14571
15446
16899
14870
16943
15666
4288
9742
11425
15531
3004
20451
16856
16775
5259
15605
11185
17102
1346
12638
15332
5575
8744
1160
6336
12896
1014
7419
6774
17987
4195
13473
2233
5397
1700
5065
7463
13752
9722
2157
17995
11991
9923
1572
6257
9404
7396
11615
3842
1798
14854
19630
11473
5090
8546
9282
6367
15503
10855
17647
2218
15289
7117
20372
12996
8965
2597
19649
19905
10111
11759
13068
10721
746
631
9036
10322
11112
489
18300
18797
17407
3080
690
15168
6982
8031
2987
18700
17060
14781
12513
19807
10493
9870
3214
1322
12535
15051
19462
20180
1677
8202
12840
801
5260
886
4201
1632
4695
906
17589
15166
5280
17801
11075
6839
5174
9108
17614
20337
20039
9720
17534
12642
6017
3250
8725
10039
13039
3475
3750
18738
3390
13704
13017
16248
13965
13261
19273
16330
4472
11676
10254
1901
16047
17671
708
10317
20151
16101
442
7171
1886
10296
3356
16879
14208
9809
13502
776
15951
10432
2399
9679
14307
16894
12989
11486
13446
16659
5599
7995
3596
9389
6808
14037
7378
3729
17749
16386
6705
14424
13209
18037
17233
5924
10159
11216
11385
16645
6661
13730
14311
8364
6700
11821
5345
4172
3099
5982
1253
5457
7454
15628
2966
394
1096
20472
289
7787
13296
12190
16740
1850
5490
12627
15219
14092
2444
9974
9246
15152
8214
17330
5222
16530
14762
15711
2832
8294
15733
8035
20533
13484
6002
4359
2974
7436
943
16497
16812
18917
7314
10772
16994
11213
16477
9002
15487
3931
19117
7563
8488
12083
15167
161
18678
19775
15897
19082
17493
4742
3498
2794
18555
16701
20080
2706
3143
4427
14688
13088
14744
4444
541
5909
11454
17582
14542
902
13522
17365
17175
19552
12048
1116
584
10387
19585
537
1550
17918
18270
13050
13712
16915
20153
14910
2903
1848
4290
16515
2009
18152
1454
4932
4368
14882
14578
9612
15476
6576
15732
10655
8279
13830
16121
447
19846
970
17453
3649
18298
3160
10909
2556
16278
882
20178
5346
4066
9678
7626
3100
2239
5123
4943
15112
4495
11705
6170
10201
15768
18124
12924
14138
12113
9104
8390
6543
12913
15201
19921
12793
18545
2377
19369
1257
20635
8074
14409
19288
5146
18802
14465
18704
14551
5292
7772
16291
5138
11813
10362
8650
20622
19759
8163
19747
17997
10376
3645
16698
19080
9605
13979
13772
5039
1421
10614
12984
7746
3807
19961
2329
12922
1181
16988
20615
17113
20316
4919
19901
1928
14655
11701
10394
2580
20355
11000
16887
13306
9836
9533
19641
8228
376
14819
16772
16211
7598
7747
17901
4451
18551
6596
8211
1597
5790
11716
8233
13438
3019
8577
2481
20462
274
19387
10808
3219
8578
10706
2467
1475
10734
15519
20334
7053
5951
425
8896
300
14170
4310
11470
4520
15492
16238
916
17053
15209
419
16658
12623
17439
6572
16331
16274
554
1607
5669
6912
15688
77
18230
10291
12632
15071
1662
3971
7309
1653
8067
12830
15665
4416
16212
4236
4798
1868
12631
9391
12043
9238
12448
5035
1306
15323
827
20581
13192
16677
13045
9234
2963
9363
6502
2995
1016
3199
18387
14178
18585
20036
18236
9844
12504
3255
11099
16687
4644
483
420
2508
7035
15486
14351
13321
10170
33
15737
5050
17426
2211
18225
17890
13684
17344
15879
12898
11095
6073
17822
2548
8588
6586
18533
10309
14436
2371
12128
8373
15225
5876
19138
20006
16826
1190
9773
8809
7015
7144
3181
4086
17065
1428
3861
18772
5892
15291
6051
8394
18701
378
11777
20503
732
15387
11975
18088
11691
13402
19954
5864
10867
5413
15206
18993
8865
4541
14918
13052
19702
19660
17423
900
10129
18475
9941
20367
5838
2391
6318
15117
5069
15699
9751
7077
13418
5895
19183
1210
8188
6733
16917
16499
12566
17269
9221
12885
1772
18857
2123
12865
6510
16673
8011
14639
18610
1351
16381
12444
463
10125
6921
18059
9866
6993
1887
5522
7103
407
11902
14638
2954
19628
2899
16595
6350
14919
11500
12515
479
11423
3082
13128
10548
7940
3466
12641
6859
18079
17369
7741
10750
659
7279
13167
2420
331
8641
4852
14020
16135
2627
749
4417
9596
3708
9728
6488
18260
13625
6845
11978
14153
20443
17695
1616
5113
11141
11393
658
11110
11480
10604
15307
4020
4703
8442
13701
20342
8788
2310
8421
4251
11287
15529
898
16941
804
20506
17069
4105
8443
15883
1338
13829
1787
6941
6867
2021
2928
8714
12705
15771
9470
3415
15427
5871
16224
18208
10410
556
18283
6525
5252
3561
9005
14459
8164
17283
20282
7215
17983
6718
15375
19633
18192
15267
687
3765
13729
13424
7424
10030
16914
3629
5961
2099
19507
19664
10966
19328
4917
9864
2675
5030
11673
9437
11479
636
5542
15619
14381
19615
1497
5631
177
18574
16632
1130
3530
10963
12955
5197
5578
9551
9766
15130
19045
15020
9412
7708
14106
6127
8495
1972
8234
3106
315
6435
10070
3046
10800
9645
10882
10528
15736
19858
16455
4249
19186
14165
1387
11942
1176
10620
5893
7221
1600
11316
15023
11694
10298
2482
17216
4498
17892
10887
418
121
6655
13324
6617
19927
3483
10071
4534
6396
14262
14423
12436
7101
17915
4061
11093
18322
16100
10274
17341
3396
18510
1691
13007
8192
12940
11300
13584
16468
13180
7486
16080
20170
19016
1000
19426
4215
16907
14813
13329
12044
5032
19643
13789
4773
3520
16184
10059
18089
2797
13127
122
9590
2162
1594
19472
18808
2557
8397
18497
1690
7567
9983
20385
5485
19333
1384
5041
9598
16090
1942
3776
2766
19899
15949
10038
17278
15818
2141
14894
11176
16707
718
17187
3065
1464
7383
7782
19294
13194
19936
12355
9195
11139
11206
16163
8310
5488
8950
3173
13308
2136
904
1742
14679
9774
4677
7794
4035
14434
15835
14905
7125
16406
8071
9987
10092
14275
9659
2006
10103
13886
3092
7740
1825
13066
19027
10112
6716
5380
19476
5051
17483
222
9220
17506
19673
2712
3582
7132
15269
1516
16744
19268
7555
2930
16680
4489
6039
3936
1467
8927
14171
4054
19179
7648
17755
20090
16205
9428
11818
19067
20004
17740
4275
11306
17338
6315
16691
15059
9501
4660
20128
6821
7349
64
2316
789
7056
6209
13456
3623
15958
16628
342
3335
9485
12554
1932
1793
12464
2883
15645
9595
17002
18301
1847
18753
13792
2516
5293
3124
19656
3051
12202
13277
16647
16432
524
16107
500
788
108
7931
16040
20172
15630
14496
13393
11301
12161
17114
3783
1862
18547
15133
17482
11657
5474
6809
774
7836
2228
13544
15987
4295
661
11682
19605
14137
18892
7059
17624
398
5184
17074
2572
3420
19962
1758
2732
11754
7071
3571
9267
10364
1424
14611
6204
18938
19621
2372
15192
13847
11887
17981
18336
2456
5523
6612
5396
5079
12953
11709
7210
8989
1507
17854
6062
8205
10592
7809
12664
12679
3164
16730
8670
4562
1003
8764
18779
13090
7141
8855
10791
12967
19930
11328
8315
9607
8825
3568
19314
1671
10225
13666
9750
15430
12007
944
13907
1412
950
12151
10976
17109
12152
11994
6901
18501
19104
8827
1120
14637
3617
8361
13942
761
2144
15153
15814
1238
15747
13696
4296
19156
12952
9814
1663
16512
530
15683
17727
16130
3810
16922
18573
8036
5782
11067
592
745
1239
13660
6629
17110
7411
1312
13848
29
19296
13744
4491
7499
8040
6080
14015
17547
7764
6530
13877
17139
16521
5971
2050
6243
14450
6282
3052
11259
8780
14938
12776
20125
5361
15450
14205
1861
8654
5294
19690
19515
14732
12112
16069
10161
12906
16079
6161
10443
5526
16934
6807
14265
8470
1420
16674
11358
14430
9413
16149
17916
11713
10618
15842
3893
18007
18675
1579
8059
1492
11649
11921
17314
13645
15775
12925
19692
11036
15014
11519
13955
6534
12050
14148
3719
19879
16501
17577
16
16460
5220
15884
10539
2039
10184
13547
1115
14353
6857
13976
14366
6060
147
15721
13411
2213
19053
1225
6706
20522
15538
14411
15904
6143
10572
2142
10203
18383
14391
4828
5813
1562
14113
10983
17434
9883
13078
12495
1512
6675
10682
17554
4025
6309
5608
16003
5665
2498
4096
1141
9978
6794
6712
15237
9582
18713
11296
6411
11149
1637
9247
15281
7586
6155
18421
11510
4305
14415
6958
10645
413
1082
249
405
17839
16104
12737
7205
1447
6483
1205
6565
2990
14309
5641
18848
10714
6890
6544
19193
20291
6388
15754
18438
9378
19168
17150
20276
12804
7666
15652
11585
4927
2727
12324
11794
19590
14830
11836
5160
1432
10194
12532
5989
16482
11656
11880
16237
6144
18256
6927
6240
18793
11439
10278
7104
3846
12594
15635
7281
20384
17580
15697
19500
13110
5232
6066
4345
7676
15725
20223
8406
10962
3746
40
10301
346
19960
13164
3916
5448
1858
2596
5200
5663
2981
8116
7679
1984
5307
19165
17040
1175
14458
3683
6313
11368
1288
6065
15031
20517
5547
15378
15271
5466
2584
18114
11078
5300
19959
19439
15507
17592
12192
10356
3362
586
13548
12943
15294
11998
10511
16255
20558
12919
12232
75
14556
5626
2631
11683
7113
19474
181
11993
3677
11374
7450
14001
19218
2427
12614
12849
139
14869
11498
4831
9891
211
2652
2549
16592
19093
19754
10332
9421
205
19311
871
11396
3685
7748
10425
3209
14881
20609
20439
12823
257
5393
3850
10315
2720
17783
13451
622
9325
9788
7151
11888
16849
501
12529
1914
13969
8955
9503
19065
5855
19355
487
13570
16320
16076
17393
13236
3703
3276
6212
13703
2492
12937
19374
11843
1996
11466
7432
14406
1220
9897
8037
4668
16967
8568
17986
20135
13212
4727
19683
11172
19601
6229
19412
17360
5031
18758
1051
5025
2246
8898
2291
10642
1024
7014
12870
10009
5144
14606
8381
1363
1539
9868
12186
18905
13470
5800
10173
5058
14282
17299
2311
9822
12057
7067
15132
18448
12933
10556
2204
16803
17596
678
11722
18926
7263
16999
4796
16039
10485
6874
6036
9677
4117
16764
12813
2533
10934
451
18787
5933
7564
11774
3403
5339
1510
15049
1426
16257
18619
9692
3529
14395
18936
8778
9780
7534
19947
20065
11225
3235
12198
12485
19385
10116
11157
7296
609
20064
1472
11031
13940
3312
11376
7189
18612
4164
19211
16194
7029
13844
11164
6382
19882
9033
18982
3904
7375
2369
18046
549
4581
100
5993
14605
4409
18394
7251
11760
3505
9390
16045
3438
16132
1635
5589
7136
2355
7184
18053
6727
9910
9835
1974
1922
17814
12102
4039
17401
10474
4623
8797
4787
9877
10601
13810
13033
5510
13797
7150
1430
323
19459
5308
7924
3517
17015
6214
1981
1685
6950
6192
9007
9080
9706
16084
5629
12419
3076
17736
13813
5514
20331
14043
18104
5938
18309
12681
8719
6304
12414
11674
3616
8717
18775
9748
14085
6893
15482
18017
7026
17412
8766
6434
8024
18896
6067
416
273
963
1332
2814
17462
17721
14068
2693
4851
4978
1013
6507
20595
1481
9291
8937
13445
16167
15465
13887
11061
12864
13657
15959
1318
7397
4435
18105
13728
15366
7003
2438
11451
3458
14096
7402
10537
13355
16313
12431
9756
8047
14687
2590
11120
2130
91
3873
2068
12469
3242
14956
3647
15817
3586
14101
1530
2308
17355
11347
9297
17518
8204
12608
7592
1836
12579
7421
16018
3256
1400
10985
20130
11422
5905
19617
10346
16124
3484
170
18591
2510
1376
11357
1897
14126
16514
5463
16094
5673
13388
355
3490
19448
10832
13051
6426
18118
4688
9745
7793
18047
19351
13946
11189
13492
185
14884
16562
8256
5533
8277
12278
16713
19520
18590
9542
261
7490
12071
17715
14399
16952
18790
5424
15199
19799
13248
5167
2567
2238
2583
9953
8518
12434
16365
10037
2154
11570
19667
9331
14324
15626
15537
13003
6849
7632
18098
20593
19489
18362
20620
16282
12100
1268
5172
19642
1234
7594
7805
18039
10891
17210
20556
10347
8404
14601
11621
6082
2926
14359
3279
13408
7127
17478
17286
12941
5006
1041
5614
13762
18254
3908
12617
8337
3966
20526
20616
9915
3739
3421
15263
19514
18076
20528
15848
4300
9381
8150
6476
8019
18305
19565
3007
8777
16888
19102
15416
15583
6439
5529
13779
7663
10231
17590
17190
4789
1881
17505
1192
6583
12644
4018
2623
2373
16511
3827
1494
15524
13518
19219
1676
3357
5772
1740
10898
8930
8949
1399
10812
8345
14379
13247
19613
17372
18978
17309
13865
5917
7587
12003
10635
3041
17318
17827
12494
19056
7960
11574
10484
8465
13459
14455
791
16752
5949
12134
9340
10045
4680
19038
17712
13193
15118
17784
18342
1727
14164
12459
5740
9500
12703
5866
2538
19949
2506
18598
2914
12199
8189
18528
6841
8596
2079
6492
11381
15187
11541
7985
1681
18626
12285
7061
5383
4914
128
16683
15816
17271
13843
12475
10080
7310
3486
10782
7914
4673
383
6726
13299
532
4011
19106
5372
20487
20204
19336
19031
13609
4783
9902
10423
19230
16904
8070
15276
1633
7447
2407
10215
17374
4875
15274
16052
20156
4652
16746
2014
4067
19551
4707
3359
1081
20465
15508
4804
6846
18371
20599
859
14287
182
290
12446
8901
19437
6537
3351
2934
12094
862
19758
9966
282
7920
5196
19938
17487
13679
12781
15672
382
19021
4825
15955
8697
3625
4844
18639
3933
5995
959
7989
148
14641
13837
9805
10953
606
15902
7620
4846
14989
8058
5718
19991
18373
18281
6637
17648
8828
15441
6697
12385
19553
555
2878
16126
2613
6619
19260
2270
11910
9185
12636
7718
2282
4957
320
5088
2618
16950
5438
13742
17279
15232
1415
18638
7908
14089
11955
7158
17491
1273
7266
86
19189
16998
13688
3341
16639
18743
15180
18026
12745
17515
17126
3297
3769
13521
8261
15682
13916
5289
7414
14059
10881
1951
7533
16961
6850
2740
5305
7473
5415
13320
1753
5143
18784
12591
20425
16527
19793
13589
13202
18789
12573
18514
1518
8130
2299
11538
18338
16782
7953
12158
8551
18459
275
2819
11502
8795
12815
13113
1799
14221
6803
15971
9586
12204
2900
17176
9143
3732
17893
3055
11170
6539
9324
16938
1027
4429
18803
20189
7355
14616
8605
9425
10099
1251
19871
4584
9371
8185
9526
15989
11908
15924
5060
19652
6611
18018
19517
3898
17295
17162
6013
13432
13186
6745
9991
18190
7295
10437
10029
1448
3379
20424
2528
2166
3566
17281
15887
2758
8575
2571
14419
19270
10348
5103
5867
12971
6511
7531
18398
8609
17101
3741
9549
6563
11816
17571
17130
16295
17460
11782
3185
7520
8939
19039
2765
20001
1528
10005
11569
3318
1093
6347
15493
1092
17085
864
8767
1913
7393
3391
4177
6076
17872
7202
4471
3834
9309
13949
2522
17913
7687
734
7401
12132
2684
4928
3888
201
1963
1135
7482
9727
17809
15805
17146
8680
8287
6922
2709
14524
10373
12837
15238
12522
19226
4492
6822
13580
1792
12234
12389
19979
1995
19408
16777
12090
996
4705
18021
3987
19015
505
17206
5875
14077
12574
17563
4399
8857
1620
12578
14598
13478
4125
8482
6648
16885
18806
18427
13258
6497
4627
5842
4997
9278
5728
18629
4962
15969
10947
20203
14392
11069
11587
12520
12193
8669
13187
10562
13504
17143
4419
16939
6759
1623
19149
1139
13941
12087
8536
9281
10041
1889
6366
16921
6698
9668
18682
14522
9163
13453
9097
3431
10143
10745
4059
8954
10644
4931
4992
3652
4360
10871
16966
14053
4227
919
17398
20010
19322
9490
15176
10575
13959
6153
5681
15084
6314
714
13816
17760
5963
12263
2603
4130
3091
1294
1127
7521
9670
19910
4815
18578
16733
8840
18369
10160
2762
17690
1875
5104
8933
11117
16594
3910
18476
9356
739
16607
3702
4969
16362
17011
14301
15205
15857
126
2128
4970
14206
18716
872
4588
136
1110
1655
18450
18195
8580
8292
12292
19157
20638
13513
1035
14872
2192
13154
10242
17543
18215
191
2710
20257
3985
15923
426
11849
7652
3216
5378
8409
18173
19697
15510
20328
2537
15138
14978
8358
18965
13555
14972
2187
14338
14741
15431
14052
11724
5511
8864
6301
18406
8167
6211
4611
10001
19024
15382
73
5901
5246
14634
7242
8489
1738
16490
19998
7616
12280
9917
2703
17148
7771
2617
11315
15943
13546
8472
14071
1785
12790
8378
10229
5486
137
14964
599
11446
3784
7224
358
2339
8366
11127
18871
13975
11531
9507
16805
6684
4165
15783
11411
2425
15203
19068
9165
11584
14066
18135
1997
3792
12320
6037
15040
2352
9209
9319
16900
19143
2055
3816
1140
9483
12293
10510
9492
10082
861
9083
7287
9499
8091
13435
17954
16428
16066
10863
595
19002
3592
10849
513
8673
17205
3749
17542
12306
19331
9222
5632
12672
7681
14954
12294
12208
15716
15370
16486
10257
12751
2244
8920
18718
11611
3802
7134
6399
10716
8944
1737
16407
18074
9574
19971
8154
17706
1476
10973
9838
12592
1470
142
19278
3033
16402
12364
18698
4728
15335
1341
1458
16016
15181
6702
2605
20625
11284
3939
14814
15444
11738
7445
19308
2925
13225
4297
9954
2217
14970
17634
20457
931
1911
17581
5591
6639
17972
11391
5286
4462
7321
11449
7994
9732
17172
11158
4954
16644
17447
8374
9414
17645
20532
19409
18633
2096
10913
20150
11372
3877
5518
11021
3579
1732
341
12380
11487
5595
4993
6975
5016
18652
20370
11448
20608
20216
13279
13711
13748
14004
18524
971
10457
11165
14759
0
8762
9622
18887
6280
4136
8073
9383
14648
15218
12347
14213
19094
8251
12758
3722
14974
3945
3221
12350
2955
4647
15979
17288
18919
17698
8786
7888
4197
1796
10312
12652
19833
13852
1070
14736
18111
19151
7828
17843
11699
18642
19251
18002
5803
14470
608
10960
17775
17179
18599
15266
5258
13539
6751
15326
2906
15654
2985
12676
6133
12872
15534
9182
13534
16288
462
4662
9701
10674
5553
10665
932
576
4219
12481
9051
10393
14469
3959
807
12042
617
13363
11197
12147
5282
12824
9489
9136
19868
5733
256
12017
6871
7543
18742
10193
11406
12107
3366
3273
7079
16431
20111
7095
17679
7613
16835
1816
6825
4501
7073
9999
5157
10459
2454
5434
10878
1757
15422
14841
14750
14833
7846
17709
2669
9201
1047
9467
17026
20296
7333
3958
13802
15808
9269
13342
8606
6291
16289
19097
6673
6446
13978
17334
10982
19271
10147
6998
17495
2810
4906
17414
2072
13755
18749
13565
19566
8
14339
1025
1109
2503
13632
18440
11142
12357
1644
18843
20454
2254
16633
9936
17886
3890
4454
13928
13147
10749
5739
16155
4641
18559
8550
12390
15952
6448
7139
19442
20034
1410
18935
5132
17873
6081
4213
15070
16902
13449
8972
7590
12023
12368
18106
17911
7175
3349
6742
15111
20167
13311
7315
9082
17451
19478
7595
12282
8977
18785
12426
8014
16054
6068
6348
1750
4009
9456
18349
2133
16910
9585
2007
1823
431
9860
7612
9040
15350
12593
3979
17714
18416
16889
11957
403
997
4333
2935
2115
1532
5408
8141
15278
5012
8947
16930
18432
8230
10954
6908
7615
414
19413
18289
7285
13722
4777
14290
13531
9939
8002
6940
11065
8951
1150
2036
16129
4464
15895
3627
10719
18888
8820
620
7572
9171
16841
19190
10940
11107
12968
20485
7435
11732
1474
15399
15472
8235
13009
8039
8519
7505
11742
6274
6098
152
14541
10969
18906
473
10297
18255
8375
9931
4675
15986
13591
13189
10883
8401
9554
7227
16610
12491
13977
1361
196
15061
5234
2037
2284
11636
18109
9134
16788
15782
17942
1674
11903
9944
10447
985
14260
9797
6196
20186
10234
7298
5301
5600
6273
10534
14564
9806
11386
15377
1533
11658
381
13859
9739
13984
17946
11496
12418
10632
4947
4294
7635
14154
11106
10637
2473
1634
11458
5099
15793
392
13725
2191
14795
4790
8080
9754
1938
1574
2171
19626
13820
4378
9393
8520
13461
12768
2176
6020
7684
5274
557
7618
6620
16846
10138
16753
12026
16798
12536
15077
2439
12398
12028
13490
13898
5215
4127
12159
3553
3572
4768
17831
10838
16397
17992
8512
12762
6189
6928
17856
5059
12055
9084
13271
18375
10236
17798
10709
5225
6163
2225
10787
18466
4278
12704
19342
5832
2349
11900
19620
2949
4420
12467
13988
5847
13738
6852
12744
691
9344
18783
7528
18875
14936
18805
18786
11482
11554
3367
6618
9460
16557
9570
6380
11599
12711
17701
6840
18710
10109
13780
2759
17564
5158
2440
15862
12115
10948
5569
8823
8761
4254
17739
3414
19096
10955
9707
17262
3064
19237
9534
466
3240
15410
14906
8395
5699
7048
4769
12878
7286
18320
9506
16484
8050
16580
3555
10680
16349
17578
15432
7362
6057
230
18000
117
15869
18996
5164
7629
10008
13690
20148
15466
10919
20025
581
13650
8128
3381
7851
2178
13726
2338
16426
6777
19527
1199
291
11666
7503
12455
55
2845
14236
2942
20114
20094
11604
8335
13377
19802
19174
14187
4277
13374
14128
6685
12330
52
13124
14849
9982
12805
15536
10884
8098
12904
18690
11830
1479
7996
615
10711
18478
20157
6877
14380
10132
19443
4453
13262
1484
8740
10580
5755
356
15037
4939
18882
7849
19999
11796
5758
11710
4379
19582
10490
747
16053
5154
13000
6112
3283
13444
18343
11652
13842
4046
8144
15595
15785
4424
17769
796
2526
15273
7957
17943
16936
19593
13567
18241
4387
13485
9684
1072
1576
16878
16028
14462
7062
782
14818
19814
5442
15127
1909
11133
18067
11764
19051
13582
72
14659
19742
16208
13246
15894
19853
18293
19422
9039
1622
8407
6531
5570
1966
7448
3972
1030
17507
18163
13957
4403
11444
16001
17492
16516
17853
11144
18485
14028
593
19293
16088
12168
14809
20544
5155
13407
14533
15667
14270
16171
14306
17725
1598
17258
677
3056
4480
10535
4585
18146
1723
14576
2594
5169
3672
16584
4968
1496
8303
8567
10104
9054
13595
9219
14150
2986
12069
10334
19018
10162
8899
13023
7249
8323
2723
11548
18752
8241
17910
14100
11282
858
14777
17385
9636
13020
4506
17862
18850
2324
11734
982
5783
2241
5848
891
17982
7228
17605
7815
3152
6074
8705
15593
16989
17883
135
16784
4490
805
20545
20192
2075
18623
13389
20139
4072
8377
11632
20182
10275
11555
5338
20438
1818
12589
3138
839
5752
173
16301
4738
1260
11924
10377
2237
18083
14466
14811
10899
10153
18168
6187
2320
1788
8617
12461
13919
7234
10894
6427
12086
3309
7745
15695
3843
16833
12101
8083
18331
14298
12397
1526
3930
16480
15277
1631
3247
4876
16061
12188
11313
16702
13366
13047
19545
3969
9842
5923
16446
10862
17362
7717
12648
17287
5685
3684
10811
17536
17033
13107
15214
360
11118
8249
18963
4645
999
9887
15517
19113
15155
19049
15045
17767
20173
6990
20333
19338
13049
12869
12543
11174
10269
5491
12816
13569
680
18562
19052
12049
16020
2364
16756
19449
13998
13751
3175
8934
12470
699
5831
12142
12709
9289
15984
15603
7779
18239
3815
1153
7409
8494
11426
15527
14487
12078
14807
14183
19229
10996
4586
6300
4109
6610
14090
3395
20446
10289
8597
16304
13191
17096
8871
19188
17133
16113
16316
2105
5955
9427
12473
12062
15839
14321
18748
544
18460
6475
3189
6970
1498
13917
9348
13466
5087
3162
1947
19239
11956
12980
15560
4886
7981
4276
3621
13631
18
3451
10123
18955
17442
18971
17252
4014
6058
14118
2750
13423
3601
1121
11342
16724
10063
14173
7092
10577
11058
18854
7529
4849
1900
11151
1330
3167
20311
2307
6001
11801
3378
4460
4478
7869
10957
6413
1227
15625
19985
20570
14363
362
10588
4281
19135
6722
20033
20265
31
3134
15383
6962
1053
8079
10238
19684
11564
10757
11870
17845
18577
9229
18511
10135
19115
7965
6392
15173
10559
9682
742
15423
10641
10605
3460
998
1284
8393
3447
5337
13627
20264
9252
12146
8613
6529
14296
336
14209
12264
7501
13776
4344
16672
11471
12329
8870
11321
6470
17700
20402
7631
13057
16504
3037
3788
2468
19299
13986
2479
11634
8610
14482
328
14885
15337
10018
5806
11484
16503
18914
8038
19032
4890
5404
1054
9714
19484
2026
20572
2950
11735
13222
13365
8595
9523
13022
7085
12799
8686
210
14887
5701
9589
13220
2904
2722
18116
4137
1365
8614
14117
3027
3640
19597
1906
14375
5862
12994
15137
15646
14992
4528
11305
12755
2953
16332
4240
12408
8851
20597
11179
6415
15576
5796
7807
11375
12034
11432
6465
7710
7568
15024
6468
19368
17729
2568
12917
8838
6230
8524
14971
19028
2069
20347
16231
8560
18817
14538
1986
4948
945
16373
7284
12224
4017
9884
19911
14853
8348
11838
4082
3075
13029
4028
1958
2844
5788
20470
17599
7548
493
4192
149
18565
11598
20055
7739
19580
13626
6558
8815
17711
12312
2020
16048
16860
6420
2384
17927
8805
12595
15471
13442
18653
8775
17703
19275
8029
2382
895
19277
2449
15453
5770
15599
15358
7730
2298
16148
5554
9372
18065
9073
2
10235
1071
12948
10873
15792
7008
1122
19863
12886
9142
2649
7547
5593
13915
7545
11359
15065
18358
14505
14241
17606
19272
18542
5919
19020
8919
17469
5903
13517
4568
15479
14283
12217
9517
18052
20214
13345
11113
13856
643
12266
19348
5185
18060
6691
3263
833
6007
14595
14517
1005
4979
16226
8983
7069
14566
12000
867
19688
14189
16793
7976
10777
19242
15636
10505
7282
19780
10187
285
1001
17733
18361
2619
15523
17579
1398
14671
15574
3463
9741
14235
11853
1936
16613
2650
5822
4895
20124
10830
13405
1756
990
4633
3532
19395
19057
9055
14915
9463
4179
16389
15257
848
5735
14490
16300
18893
5609
19164
12194
8405
16434
20618
5707
630
4670
5078
13093
17884
9124
16566
8286
4274
18798
14547
9288
1450
18960
16445
5574
14897
13175
20498
8756
15919
7770
7046
15589
11925
3631
7176
12962
10150
3267
12767
15325
19550
13480
7137
14143
16287
13383
3611
2472
17994
19105
8621
15624
12874
13996
9769
11767
11525
10494
6262
3069
13749
1921
12673
2356
11776
8216
11668
17553
15592
8803
10959
3392
14387
4686
19610
14914
218
20078
2309
10685
53
12649
11507
8297
514
15824
12144
4606
10712
8077
12421
18061
4972
15141
6047
10979
7887
12910
5441
8194
4138
14243
9758
13868
7566
10527
3927
7417
17129
14373
5640
13892
13581
12383
10835
20539
3157
16727
3534
6409
8026
13104
8507
14722
17754
10020
18820
12164
12600
3026
18838
912
7943
16174
5729
20060
16279
3081
12346
12945
3789
13845
17551
20628
10986
10769
2825
18874
1725
16315
3310
3650
20477
3324
11205
4241
3999
2185
17023
3355
11338
11582
5391
1235
17813
7272
2886
7562
2370
10098
7585
674
16118
15158
17530
20358
1746
19198
397
9532
17457
6847
668
15480
5195
2226
6754
9465
20399
13234
19456
12611
19877
3956
5823
4166
14880
10019
16391
12753
619
236
8743
8510
3775
7971
1073
9513
737
3805
2414
17811
6108
13467
19587
18222
10202
13867
8238
9199
20207
14922
9129
19867
5279
14990
17640
2396
10819
9260
11311
4374
9940
12099
2134
2140
14826
6755
12565
11730
16688
7509
12082
8618
3521
15087
20549
5810
5661
17343
19555
4614
9608
6880
818
9588
16087
5181
8622
2614
1705
17974
13556
7305
16913
16241
12761
17641
812
11802
6817
5377
17347
19130
14464
4107
12531
3017
10639
12393
16667
19953
12585
6135
8900
4808
9615
14898
17512
6518
6838
5010
5359
3697
6814
19341
14110
13343
12331
19452
9924
16276
6743
3442
16969
13136
14575
7425
10158
3853
17282
14074
18765
11577
12696
16091
7303
19680
11536
10536
14114
11581
18418
4762
13140
10055
2177
719
7667
16920
18132
16065
1213
15802
2366
1929
4710
3077
4622
13458
20357
11556
3507
5603
17829
10512
10451
8174
6554
13080
9757
11294
5990
13333
14083
17428
8846
4234
20461
8433
11456
2345
15217
17909
13860
16324
1212
16981
17836
13378
1581
17171
4371
1044
4021
13368
9493
14815
1501
12766
19228
13599
10369
9760
1983
6398
12339
7579
8903
6151
9397
6100
14112
2681
14767
19108
11884
18315
6976
6287
2085
3881
9824
10859
12881
16927
4214
6911
8017
12449
14749
3126
7856
4512
5384
10935
15414
4069
10844
14794
10771
16008
5224
9479
18957
5762
9561
3938
6723
17376
7121
1171
11844
3539
17248
491
6489
3301
5133
20552
9959
10361
19354
123
18087
14084
644
19098
12734
3054
15007
849
278
19303
9145
19890
5968
13968
18396
8706
9640
338
6650
20229
7977
9016
16631
2860
7245
17474
15663
13805
20246
19185
15268
19625
6865
18818
14888
20376
6547
6157
10827
3646
20440
85
6397
11261
15038
3977
19054
18184
16441
14685
12584
13117
6208
6222
1844
16863
1683
19013
6983
16555
4591
10751
19240
9101
8854
1391
19081
16929
8693
13861
7129
13499
12088
17973
2726
11131
3915
4475
18667
10735
4319
12972
6736
12033
14203
1841
6498
15397
12372
3030
389
3104
1101
1339
14984
8350
6532
4818
14127
3151
1184
9351
13659
17621
14008
4744
13115
12428
7792
16055
6217
9317
4601
14342
11268
15149
4682
11951
835
7332
1055
13880
19302
11277
13757
16383
15743
5824
16374
13841
2040
17567
6181
19216
13386
4766
18985
6449
1194
20416
13083
1609
1340
1269
11056
875
9642
4525
4859
471
9354
9905
5577
17221
13472
20260
20119
13761
11641
2448
18445
1026
3260
5984
10910
10368
9154
16665
2153
6570
1143
20512
5264
10836
16235
17335
10673
369
1521
2923
4439
8970
5374
18597
19670
20117
16825
17609
7517
17907
1256
16837
11146
4147
13328
19339
4918
15044
14927
1045
19955
7157
24
9657
18191
13952
343
9453
17375
8349
14662
10461
17301
4392
408
2894
12479
17847
7602
19287
17716
7187
6636
11201
10514
4653
11465
6293
7731
8503
10036
19434
15643
10517
12702
14783
2815
11121
400
89
19644
4484
11834
2743
20368
17411
10233
2544
5559
14931
450
17763
13904
10837
5976
7795
