588
639
248
760
86
380
444
327
783
690
741
635
162
742
244
637
431
387
33
546
523
322
727
313
284
131
599
729
755
360
68
616
314
545
96
339
227
770
590
450
170
117
157
112
512
499
724
77
73
515
683
243
656
221
59
422
390
11
436
51
114
245
821
573
21
110
47
232
761
786
521
377
552
576
379
790
391
257
451
93
149
593
84
400
316
220
413
602
633
358
712
38
147
420
774
437
408
374
104
29
619
428
342
442
709
307
1
828
557
715
255
102
381
341
315
200
180
752
332
713
812
788
371
542
37
708
60
17
718
238
394
367
749
354
215
456
345
352
9
492
135
271
424
187
240
70
483
527
571
716
79
217
264
799
808
94
509
325
161
559
581
560
69
300
48
166
279
351
607
490
765
601
123
477
299
471
83
49
777
353
489
610
115
223
547
577
78
113
549
738
375
550
229
82
144
478
793
138
361
650
447
188
604
566
822
130
120
772
595
230
389
666
263
575
55
204
730
648
151
291
218
197
30
211
625
647
63
173
247
556
416
817
461
194
561
376
826
486
76
272
485
654
35
91
101
326
731
324
156
586
427
260
67
587
343
171
226
425
169
177
107
411
673
717
658
288
797
805
536
233
297
283
570
452
273
558
646
209
504
626
32
519
270
335
792
476
514
281
27
252
13
334
810
543
128
286
179
44
53
357
768
603
767
176
318
401
443
475
756
757
52
789
64
7
682
453
136
732
146
728
395
338
148
122
160
50
415
262
225
154
433
405
804
231
92
624
555
589
261
591
129
754
567
695
414
621
190
26
657
2
285
463
329
611
687
465
795
404
25
213
216
132
677
720
445
228
207
274
234
239
150
794
290
493
143
5
584
784
321
164
141
23
398
663
455
809
798
494
121
460
105
662
491
165
482
266
184
54
693
678
467
12
824
630
6
242
676
470
196
652
735
145
769
280
298
739
429
544
203
623
306
56
89
775
669
199
686
498
533
198
406
237
369
703
743
554
222
153
368
791
596
827
58
74
629
256
189
454
426
449
535
530
41
706
819
267
99
468
19
40
488
627
592
287
81
551
568
133
418
434
159
541
36
182
258
579
694
776
212
249
634
392
269
46
385
606
520
407
118
811
692
632
236
681
250
373
502
594
501
506
764
511
787
186
618
688
109
638
206
801
480
365
62
747
744
537
785
753
779
312
328
3
469
613
474
818
704
585
119
174
608
410
355
653
643
781
137
441
655
219
344
15
336
446
409
458
303
525
578
800
564
796
723
251
640
90
0
333
448
295
224
660
192
539
699
614
472
210
16
766
142
649
388
34
293
278
700
310
597
61
806
362
97
22
651
513
457
399
726
510
363
268
672
745
241
636
66
815
423
305
711
737
707
276
134
126
691
18
125
80
780
292
397
670
246
487
402
65
814
372
572
529
641
751
481
823
20
531
740
275
725
183
598
778
734
722
340
163
253
178
88
522
214
459
72
311
378
24
419
317
282
562
175
495
758
705
644
534
8
464
763
569
631
277
412
771
689
600
505
185
39
628
612
620
540
10
438
330
85
684
95
393
103
462
366
308
124
421
661
701
254
696
98
750
665
508
736
350
746
679
803
152
302
807
396
