10408
18013
14370
8335
1194
351
16325
5390
5164
14471
20056
13874
14686
7495
20242
1623
8763
15607
16233
9849
18615
14379
16637
2232
6140
14203
18788
15820
402
2442
16492
15919
727
966
9016
2156
17179
5501
19850
7147
17543
9710
9631
1622
20615
17036
247
18652
7161
3719
19472
9127
17033
5438
4304
18722
3880
13913
14737
2445
14820
456
15181
20271
20304
7359
12746
10429
15400
266
7773
3904
2731
10621
2959
16271
14056
14152
10475
20348
10227
18795
15373
17589
10814
8675
7180
12153
16762
7281
7372
3138
13666
3908
14540
2524
18673
17471
11009
3979
17141
15856
18942
16452
3941
221
18282
3180
18181
11784
207
17544
3253
14510
86
10142
4374
2577
1624
12564
4251
4665
5440
11269
12613
14190
19431
16612
388
15227
18088
19094
5435
8755
1363
18122
218
1233
3890
10288
2072
9481
3039
8518
7595
13700
3263
12261
16857
11545
18345
19989
4820
6726
15368
11344
13490
11022
10476
3524
6100
8993
5382
19189
17789
19770
19104
5232
9328
4906
12816
164
17720
17610
12914
20487
14106
14708
14390
11634
15251
15652
7109
16008
19447
19159
14389
19479
16996
92
6243
15881
1404
9204
7108
14584
2399
17829
13246
10957
19025
4367
15923
5825
408
10551
17877
3094
4734
12537
10502
2485
19782
8414
14004
19693
14107
5488
426
18110
6715
19714
12581
12744
11913
14038
11925
5485
14894
9647
9193
17311
8349
17260
4430
11990
11909
14419
16947
8072
8106
16820
855
5817
7301
2172
13226
3125
2995
19281
1509
1783
3933
6187
20637
11326
13423
3751
6523
8928
19952
12821
1316
7276
17358
11051
13283
4023
10184
14614
1811
6787
20554
12728
7192
3946
4599
10530
20623
14548
9318
17821
7527
3286
4957
211
7743
20599
13918
13705
10725
731
5201
20200
10700
826
11993
17359
4728
6623
10036
10391
14498
16413
15389
15169
321
19212
20113
6020
11867
14126
2170
7807
2037
1049
18733
2533
4235
6123
16356
18211
4844
7420
18906
9604
17649
19600
11631
8065
18490
6848
8272
13483
1331
8278
17592
17883
16398
19861
1389
2051
10492
4490
9297
1426
1785
11043
4463
17982
11382
17265
18393
7686
4811
3414
4676
15818
18233
18084
16051
13449
7687
17500
662
1424
10979
11725
14234
127
6811
12882
19633
4795
17796
4701
14130
11905
237
9354
12398
12278
10319
14527
2408
2642
6322
19074
16802
6444
18286
4843
17894
12557
1384
11755
19894
20108
17289
7343
19715
17672
11416
11835
10681
1789
7789
6847
15260
4127
5083
7244
10861
16823
18370
720
14711
1018
19944
13390
3298
3981
20104
6527
5558
6611
3573
171
4684
7589
796
4950
4395
6141
16284
3281
2467
12293
16047
9503
8403
15428
16506
20012
5044
7084
6555
3528
5132
19609
4630
1230
8399
10873
13149
14796
17652
19117
6474
17716
19517
3195
2675
4567
12273
17446
10990
7631
10278
6396
3967
8249
19591
10520
656
14536
5054
5080
18355
5544
12838
7104
11211
10786
18221
5477
17865
12860
1109
20054
5431
9868
3398
17406
6861
1436
8723
9351
4315
18774
16332
16693
19223
12229
17377
4207
16291
18932
20017
19326
18387
9784
10920
4322
12343
2155
2825
2428
3953
7243
2028
1029
5148
12044
16335
16020
2465
3167
7346
17476
5806
73
10384
11144
11401
9368
6960
6197
14447
18972
16741
9158
16776
16743
9317
5988
19977
18627
17100
12747
2780
18327
20087
2259
16984
4314
8732
10400
20073
15276
2101
6278
15686
15717
2964
8992
2278
14414
9609
14085
5224
10740
8011
841
14748
6273
3537
11744
11088
380
13184
1270
7111
11614
18926
16672
16766
2933
6655
1361
12445
11400
16575
2940
11036
341
8589
8822
365
14386
12276
8396
12928
20517
18468
10330
3645
17662
5176
13927
685
8067
9839
13300
1022
4004
20233
8738
16071
11792
19857
3770
15035
11563
2818
715
8155
9432
6619
18930
3720
5637
12878
15947
9708
17454
17016
16458
11074
18871
1184
16160
8624
20421
4946
10501
2919
8337
3111
10311
4347
1817
19516
483
2262
9931
6042
4786
5214
17644
15286
10660
11645
2570
18646
15523
15546
2288
16578
8467
13755
2844
19731
15048
13649
15759
5372
8474
15833
14197
9139
20337
3715
16214
2480
7918
5108
406
19951
15837
2869
2536
7494
13875
16931
20338
19571
14753
14217
1060
16219
13439
15900
297
17373
14666
975
13731
6630
18765
18133
10207
3285
9808
15883
7996
15594
6622
4425
15921
6460
1101
10858
6496
4288
1441
19656
8752
16883
7550
12587
10169
11021
794
19749
16876
6173
15971
17632
3738
5252
20039
8336
6417
1662
7860
16990
17387
16409
19757
7770
18085
6285
13662
14267
13200
2371
15674
8228
10567
4354
3150
20101
1139
16720
14336
19127
11706
874
8041
5625
8122
15688
1794
11735
5098
8095
8745
15772
2094
16429
16600
6825
16680
8109
8736
4372
3740
313
9965
340
16505
16960
16674
8378
17626
1701
11315
737
13954
7597
17369
11800
12448
7615
17060
1146
4399
10478
1986
10450
1429
20404
1203
16059
5385
12310
18160
15391
8575
1906
8046
19945
5765
14150
15563
14853
20530
2855
15659
10044
3962
10623
13728
1131
12349
16425
3684
12479
8814
6513
8462
9083
9553
11878
10753
3495
20467
18632
11642
18057
5151
9265
19156
16038
2120
15988
18388
20240
884
4026
15095
14705
16557
7675
5760
17939
12131
1304
12159
1704
7077
15601
3304
3244
6991
13885
17205
17921
9422
9023
12190
20097
1396
6669
10952
15491
9393
5774
15443
15325
3301
18008
18383
8313
7255
4846
9484
10356
15026
7021
12796
3128
9304
16126
13685
2043
5478
140
19924
12003
16507
818
15056
13631
14783
19997
10909
10112
13043
17216
9154
9685
12536
3889
8138
15204
6406
15086
19116
6181
15570
15575
7500
7543
7890
1261
6809
16962
5756
529
3291
6185
12362
14819
16374
10869
1246
2901
10783
15628
6270
6743
18883
2471
13139
8298
16100
3165
16112
16764
17353
10881
8463
9873
3499
13234
3994
1631
10831
9524
19992
19047
9623
2100
7030
2683
12669
16662
18887
2360
8221
12484
8910
14890
20
646
11596
20380
8532
13232
11989
7
12542
11066
10933
9453
7901
18476
8170
9545
12253
3394
19786
9206
11514
17087
5768
11856
14272
4483
10283
11872
5378
16788
14442
13434
1907
7213
3262
12792
2196
7458
1607
691
12524
6980
9769
1492
3012
3832
19639
7401
13263
18333
10550
20622
2833
5175
9683
12014
1634
1383
17828
20280
3126
10553
15797
6709
10123
2379
4806
5421
1965
16045
19196
2251
5856
4724
3773
10214
19215
16009
15388
85
5058
71
7570
11982
18954
16320
7223
10006
18933
18049
16236
20369
18244
17453
524
8498
10258
1498
17606
13109
11794
4784
3640
3386
16110
11115
13699
11720
11132
16105
2785
3133
15024
4162
12490
1307
10379
7961
1824
8733
7181
7201
4928
7696
344
11438
16536
12194
7777
11638
18471
20112
15991
11128
19091
18229
10601
8721
6189
12852
9653
19753
7407
2660
15508
15877
2732
7760
4899
13597
1692
3460
14443
1227
2191
11857
17740
11427
12138
16547
4740
6193
11536
3540
7561
14899
15873
1806
8693
4473
11396
9198
1168
18595
7103
8710
3149
19463
6609
13337
9767
10884
11437
195
4383
326
11748
16239
15955
19266
9775
8515
19635
11501
13113
9809
6577
464
7606
3156
10617
15647
2951
11597
2008
3695
3349
5529
9916
6276
12932
19201
133
12432
9174
2722
12130
4615
20386
9442
3570
16362
2718
3655
8190
10697
7960
20035
17780
1845
20548
4996
12901
6117
14164
14958
19208
7194
8184
1566
8157
11280
20053
217
11267
11062
10554
7059
6028
18891
1004
13279
13543
20261
17438
13117
12555
15525
9454
4421
11901
12038
6748
8613
14246
17490
2324
18797
16285
11576
7865
333
2867
18075
4627
7377
6126
2539
6047
13838
7141
8577
952
4669
10206
16933
6001
6239
19698
19798
4284
16065
15289
12623
14399
10842
13894
5357
6366
5835
84
15535
16400
11549
10980
18141
7310
2012
7888
11911
8329
16834
18083
9651
14636
6230
19389
10533
20253
16500
18590
13050
5009
11046
19437
13410
9383
10989
4298
245
14655
16090
14061
15448
3765
2375
3656
724
15978
8994
1412
9562
19853
13268
19403
14086
14603
17045
6843
14297
17413
12943
15165
13826
15485
8050
4240
2058
2393
10
3717
20568
18196
16841
16973
2863
15283
15274
10264
8091
20092
9319
10837
16611
19792
13071
4387
8972
4659
17574
7973
4096
15775
3330
7676
2641
15999
16869
1444
3895
2421
5862
6758
5079
14876
18361
6520
12323
15861
10510
6125
12978
15336
2496
10458
179
18872
2302
6892
16417
2002
6719
6601
1735
19955
1736
19937
6045
16230
9558
19669
6437
12306
18810
9014
2140
18384
19464
285
214
13214
6332
3530
420
4671
15600
2343
1758
11986
3701
16406
2153
87
2422
19746
20551
12767
10349
7070
8959
11006
18473
6004
6767
14010
18443
11544
11111
11711
14450
7295
1135
19988
7504
6831
19004
16321
6677
10985
15477
13775
7106
3099
3209
4600
1574
4337
12671
2336
8640
11818
16030
8133
293
10559
706
17976
6597
20593
7962
12370
3013
7380
3254
15515
14303
16975
11680
15990
10220
17212
13428
5882
16692
11292
14355
6102
17076
16281
8300
10703
20514
18976
9698
9745
1876
11678
14064
7693
13988
1583
19843
7596
5001
4760
11467
8387
18139
2376
14688
8614
3137
10209
17697
10162
19249
991
12885
9010
16568
5996
1015
17721
15823
16215
18843
20102
1572
12869
12676
8404
1225
13834
1425
6448
1496
14744
15082
9237
14381
7089
7049
5537
10053
17890
11595
5512
15057
11984
11981
12731
7429
15794
13403
13771
2688
17249
13776
7455
6319
9078
10195
13851
2198
13591
9116
1585
20566
13106
15950
1359
9444
13909
19551
4693
3131
20478
2744
14761
3844
6009
968
20008
5300
8248
6885
16828
19963
11557
1837
11703
20130
6352
10631
17598
14792
3206
10642
4880
3400
2765
16524
5811
7022
6674
3587
11244
241
5781
11644
17799
11512
3437
12231
13876
225
19528
13393
14855
1529
15781
6338
2300
15425
19708
10388
1881
14029
7552
11419
20626
12991
6868
8057
4797
9504
847
15963
15030
5728
1434
1558
12083
18755
8995
4841
12781
5392
6632
6902
20178
7483
10707
12715
740
10273
5062
5855
16351
15903
2565
19735
7410
17189
14204
9087
19095
18670
12164
11776
312
8436
492
10427
16475
7444
16997
8941
18190
10656
8674
2962
5788
19721
2096
5795
20582
18894
19199
12801
4003
18730
17041
3892
3230
4958
15208
13785
5048
15419
11157
12889
13856
19367
3055
3376
5550
4338
14947
4358
20372
19686
14494
8447
6817
18342
8800
5647
5254
12392
2046
1142
5326
9396
5225
8590
13431
6829
11832
16559
17775
635
3093
5991
7163
1633
3049
6327
20363
8537
13526
4991
8174
9908
16574
5681
17952
6026
262
4934
18115
18381
9282
16441
19339
2717
16296
17654
4095
12226
19294
754
802
4262
8482
20137
7863
9236
18249
11336
11793
12849
5695
5368
1579
7766
1734
66
14346
13732
14131
7992
16618
2479
6021
1207
5219
12447
18463
9800
11053
5814
12757
16965
10723
19383
13836
14808
6175
7044
12187
8737
20573
4588
2677
7794
17005
11268
17409
12227
2828
12807
5528
19557
2917
7489
6519
12573
181
9905
4917
1082
15255
7303
3532
6964
18163
7923
19296
14468
373
9215
631
1302
2695
13506
12622
3454
8491
17316
19421
17725
13442
10637
9056
8173
9067
2806
3265
12126
9982
19102
5579
17611
8857
566
9530
13459
862
16784
4107
11222
12265
17863
13589
14943
13638
13288
2930
5239
2598
11387
9105
9804
7250
7224
9048
1455
5013
11665
3693
10201
1368
5268
38
95
10715
17871
10299
13958
4741
12338
203
13426
10676
13392
19800
7362
1865
12114
5072
20187
11686
6451
9491
15466
6549
2052
13128
8110
8657
12847
20535
14677
16627
4983
19496
11689
2332
19452
7414
11167
18961
17804
9885
3325
4783
9957
8390
15867
8316
3169
6103
12238
7023
7427
18128
9793
8828
5967
13386
14749
1320
14149
15685
5517
15561
4861
9704
15808
17726
16294
16324
599
9434
4386
197
10949
9190
9719
5465
3932
6773
5347
10347
17623
12894
6458
9738
9136
8107
20282
12600
18159
9703
15439
1356
14511
6255
12836
830
682
8751
8333
16734
19999
20085
8101
17562
16259
5318
4151
11585
3638
4838
11370
4370
18155
8586
14295
19811
3504
19411
19720
17667
9666
3311
11593
1542
9252
1560
15172
7280
13142
185
14561
14201
7057
14041
16514
853
3712
16548
9312
12367
5154
6515
11807
15845
7557
18921
906
20620
3366
15714
15590
17296
2651
15064
18925
9878
16556
9933
19885
8205
1160
2056
11017
17766
808
3331
202
2824
10882
12221
17947
916
19217
19972
4949
11126
12426
856
4729
4353
12875
10897
18341
13055
17068
3634
3624
4688
5008
17203
18570
17628
10473
11259
2618
10368
9450
16245
7169
6038
14983
17768
13237
19194
18484
4733
8020
1298
3608
16951
11553
4948
8906
12654
14406
18859
2060
3939
14193
2788
1165
14361
5761
11341
19587
17079
4045
20146
13549
1744
16700
18912
7694
15796
6678
4343
10915
3274
2427
17218
19665
6845
4319
4316
7257
12041
9797
17964
6511
8625
6835
7128
3270
2181
1996
4750
3952
4641
10896
18758
11526
1032
16771
7428
7731
17934
14672
9695
16976
19990
1538
4070
2241
7775
1195
4623
11548
18798
12489
6799
15292
3901
10924
15622
14745
9790
5696
7729
4265
6003
16396
10699
3403
19530
2566
19081
5457
10819
2455
15379
14514
523
5131
8185
14142
12214
4378
390
6161
3957
13293
9165
19773
17763
15913
11030
15113
9309
16334
14562
17455
20302
6174
9338
19652
10351
8549
7581
8786
10727
6820
16757
20194
7053
2447
15498
20537
18202
3455
10829
584
12639
401
8874
10332
5109
16553
14842
19653
20268
10378
16272
17009
15692
7827
11969
10114
10732
2816
2091
8561
17909
4999
8792
20411
6415
1106
18418
1791
17961
4440
19628
1047
11214
9199
11621
12696
1118
752
10455
8489
10809
18260
9932
2543
158
12996
20289
15424
3178
10539
12205
18526
10917
16945
9617
2268
6833
8672
10833
11472
7393
6215
7367
16260
16305
18776
9762
13296
9646
7214
825
20016
1812
2568
14397
19322
14367
5160
5827
1494
1452
16482
5202
10371
9659
4710
11556
9350
9501
2613
3891
20276
5272
5903
18975
347
11660
3669
13143
7347
11815
3732
14371
12197
441
19568
10413
1898
1949
3317
7069
19245
4718
15653
12118
6987
2699
17063
11133
19410
4137
5138
19823
8934
12258
12559
4444
16146
7236
20547
7567
14668
15331
11069
1807
4212
20079
4487
3791
2330
11361
5470
20326
19240
12612
17617
4192
8290
13723
58
13989
15680
1575
1430
6127
13107
8612
3290
12650
11417
13558
2468
18818
17759
12050
3554
13584
19033
6894
15646
5572
18902
8980
10242
19875
4655
7837
4493
14692
17729
19683
5475
337
12163
12388
15733
511
9075
15764
6404
10446
2837
10001
18303
3863
16816
6252
18702
16555
2353
6318
11541
3431
4959
20262
11612
16991
3312
11699
10902
18588
20539
9490
7966
6333
9986
391
13898
16938
8514
13032
6138
19120
16006
6781
14033
13126
18207
3485
4232
5105
17542
4631
19814
7549
16824
12638
3456
1656
20549
10744
14942
3213
20175
15090
20344
11570
20389
14751
18974
10045
13187
10912
5340
11207
19468
13447
7233
8490
3458
2501
4942
5723
5995
13421
16052
16825
2668
2508
9017
18068
19128
7614
3898
15025
14533
600
3569
2791
16864
3107
8521
15830
4234
1596
1925
16060
14674
17023
9305
15177
11812
12019
3506
5639
9912
16489
12603
4593
4168
15836
18223
14694
9714
11654
19061
17760
2898
1226
17524
16978
14660
1732
2358
1344
2441
3547
1273
13274
938
5361
7355
6631
5715
17696
5455
15367
19125
8197
410
1599
5627
2404
8200
12591
13269
7270
19644
16732
5280
562
6698
17051
17521
17646
15705
10305
5399
18120
11688
8655
14001
504
11312
11432
1834
12094
13323
18980
13485
934
12685
5578
16435
1712
17329
18635
6387
5640
4213
834
4140
14420
645
20252
16560
334
516
135
15060
10416
12620
12701
3123
4462
5709
8880
19846
13807
16464
15361
759
4607
8177
3299
6310
1402
3982
13077
16303
10168
17680
5026
17859
16428
5023
5736
13658
4043
3391
16106
5930
8206
7509
11455
15109
9744
2126
7894
5619
13218
3660
5769
6421
18816
5247
2616
20196
10625
14908
7254
4116
14427
12831
9391
19558
16558
3146
311
13233
16665
9590
18462
1042
9292
17957
18812
4603
18306
17381
4505
4084
1545
866
7215
12303
8908
16200
17194
14810
19898
8888
19084
13891
8207
17660
17817
7646
12002
2273
9707
3158
14989
10959
20191
16427
6953
17376
16023
20231
6440
8384
19640
2707
393
17584
18277
12716
18246
6056
7850
6267
3906
1588
17692
1078
10304
16228
4721
15973
16022
2212
6311
20489
18328
19369
1171
16308
1978
18094
6253
4351
14441
9260
11314
16422
16535
11603
3874
1340
16663
7937
5279
5513
6639
11441
4348
10900
14247
14500
12355
3470
1543
4202
13619
3113
583
3565
18419
17477
1043
7123
6673
15186
2013
15987
5892
17368
18481
15580
3182
15732
10649
4332
6702
7206
12512
4392
7969
14134
11234
13240
6603
20403
19164
1770
18037
10523
11690
3025
1204
3469
17348
17391
14254
2250
12553
13702
14795
19297
12186
1530
10679
11177
9455
10875
4692
14530
8215
4225
5575
11649
4053
870
12330
12032
15951
6888
26
19740
2264
15236
15341
7450
15517
14844
9403
16660
6572
14233
2981
17561
3408
11842
1694
444
725
3609
12128
1928
4992
2132
131
9637
6979
19462
7672
9421
13441
15583
6471
10141
4391
5942
4220
7465
9805
3360
20611
4577
18486
17226
17234
17706
14210
1280
14885
7659
9148
19173
1671
3746
3288
10563
18687
5974
1374
346
7799
8510
5454
13541
14809
4087
18729
11601
6828
17966
5490
3799
14178
16421
680
3186
6517
1300
20259
10905
15296
13111
8479
2661
16176
12025
16348
7559
17362
4597
2036
12498
12522
4474
1818
16432
2280
4271
6570
7360
17025
16940
13746
7843
14071
9084
16453
11391
1879
11985
14554
9785
7849
18325
2201
5570
4130
13044
14967
6110
2004
16728
14042
6615
872
3323
19809
20359
2400
10847
11836
5664
610
3652
1169
12854
11674
4139
3955
1960
11196
5344
2626
19118
4765
5217
4410
16939
11332
7396
17401
16772
14462
5106
9765
5567
18230
556
4884
8564
20603
2027
12438
20410
18521
5556
11285
4703
18984
3239
3425
12820
12926
16655
19276
20521
4652
18326
5551
8233
16712
9371
13258
587
19255
17757
13880
18290
10144
11949
15542
17600
5100
4538
1023
10604
19991
128
14249
10372
14263
4263
15649
20388
15573
6044
1780
11617
5255
16813
1726
389
3010
16942
18053
19158
547
6079
10101
14491
18752
12986
14955
18149
14182
15716
9906
16549
14556
17478
14707
17407
345
13070
4193
19337
10975
19235
4041
8412
2814
7473
10545
7085
5590
2974
11672
9330
7751
12407
18777
3145
13656
6884
12520
9402
15909
7994
7060
7171
11528
10199
6578
4002
12659
2256
453
1990
4405
12027
15245
17034
8062
11463
11967
14849
4792
11582
2243
16430
11819
12400
19101
6393
13435
3707
15890
558
11185
436
18107
8323
10780
13668
2304
3905
17809
12723
16912
2108
4118
7294
480
2698
11240
7075
18451
13683
18293
4397
9494
17668
271
17505
13950
12173
12110
8997
10726
7079
19662
7709
5755
17396
2755
19097
2364
10325
3606
1196
17541
18394
2890
7660
12690
1044
18475
7392
1198
3963
544
3061
11323
10030
11535
8930
5737
17356
2044
10788
1354
19751
17182
6011
17959
17085
17038
5864
6214
186
16177
6896
6975
19563
9943
9189
20321
18034
16986
11935
8717
10362
13659
18821
6213
10751
17117
5626
9213
18973
5797
55
7842
20559
10128
17513
14148
1272
8485
3878
19275
18301
10832
19060
18682
3785
12418
1939
10673
1512
6317
12292
16119
4221
3451
13514
19620
746
5037
893
3574
11717
3600
11782
9449
19679
10781
16705
5192
17773
12286
9117
18626
10000
15786
17237
16642
4698
14746
2109
10300
17534
6054
6663
1028
17761
4883
79
11440
3512
18460
17392
15097
2040
7322
12064
1155
546
11376
17992
6055
2530
4827
17560
2386
5965
19020
2997
11345
20067
6862
10153
2727
17814
10040
9610
9552
8451
1911
11531
7333
17170
15199
4937
14896
2719
8001
14824
10072
5381
19859
12450
14117
14927
19054
2923
14565
11646
20412
15666
10155
99
14053
15581
16509
4862
5576
12873
8076
2918
14791
7136
9574
9864
17180
8858
15687
15825
8327
694
14897
19899
12314
6968
19529
8581
296
7336
17285
13290
60
15011
16365
14586
11540
2868
7735
7724
18658
18726
107
12308
11546
15993
5985
16066
183
20110
83
3730
18645
19642
18408
8468
9420
19789
15154
2689
10652
10286
5502
2584
2910
18692
16906
7132
12961
17518
10059
17832
11390
8104
12841
6882
800
14009
1974
10640
19177
2003
18455
10297
19993
19725
17647
10689
7889
18203
2183
20512
654
13326
12207
3922
4511
18987
6477
12461
15160
12478
15612
5112
15552
13843
6779
15745
17313
3798
11785
12582
4224
9327
10202
13603
1205
20556
14074
8432
19373
13724
15429
1840
16589
12791
12946
3651
7934
18990
1810
15557
4598
1418
11483
15219
4489
7522
19743
5045
5400
6920
6071
20562
117
4815
19936
19795
2039
18979
18390
5211
13299
16163
19412
14845
14288
3704
3
9028
13002
15824
17612
10822
14165
11034
11050
6139
16072
20431
18946
3076
13497
739
7306
5330
12614
13048
13715
2321
16629
657
13374
16508
8119
17318
1620
19879
2937
14893
20476
9262
13388
18317
15568
18191
1313
2956
8179
7517
490
11411
77
19330
19200
14387
11527
4534
4167
18715
16595
8728
8465
16510
3741
10417
4987
3258
15184
4424
4210
13222
18323
1480
14317
1357
2476
3764
14366
16621
2281
8700
6041
7096
1849
15033
6551
20503
17538
1299
15851
10865
418
7025
13455
4438
6757
14179
3390
15456
18347
12624
18499
10177
14490
15395
9618
7207
11771
16796
18656
2226
2080
17958
6431
10217
11306
10205
3017
9250
19172
6807
15936
13858
17334
4344
13135
13385
8895
11445
4824
8124
19346
16985
18164
10083
7321
7978
17122
19413
17681
8528
15521
14829
15006
17723
15914
15704
4791
8002
18767
12806
7805
814
20168
2239
14401
14057
14452
1388
11048
3657
17121
396
19942
15235
6940
19048
10179
14286
20394
649
3971
3271
18291
659
17309
17917
4773
3702
16993
13720
882
17784
17272
14499
4712
16415
8027
9461
6693
13358
9114
10111
15262
7844
7277
19262
4632
612
16501
13365
1181
744
13360
13322
7173
9476
13015
20446
8827
8725
17397
4371
3351
5986
3612
15207
224
17283
17833
11953
1582
20426
5571
11112
1940
13652
19348
4122
19325
9720
15816
3243
10971
18781
6184
12629
11511
19884
5618
3246
7332
14872
4914
14087
5396
3203
9161
5690
18267
18222
5929
14396
14867
6716
16872
13001
2537
1757
19925
8364
9110
15630
7072
2341
3912
14632
11579
12640
1223
7015
7813
1005
1110
9988
16370
10702
9470
6562
13338
14335
4321
19093
1413
4248
10041
16118
8028
20267
4443
11262
1672
747
13703
4651
5007
9157
10750
12608
18717
13564
11513
15549
1178
18142
8165
20399
926
5260
17253
1382
4590
12387
19965
9040
16290
12861
17108
20277
3367
6916
1894
31
7628
2347
16848
4119
2006
17124
20459
1713
950
17156
18869
16625
10245
16241
11692
3031
18135
3104
19230
13747
13757
1342
15168
14662
7432
6857
19655
10976
2383
19872
6544
11191
446
601
10641
5122
13507
9044
18459
2720
1305
4018
8450
10424
15352
19308
4628
15661
607
1919
1465
11321
14032
6966
1288
8193
4330
4117
2331
7551
14735
18614
4128
6900
9911
16623
14951
5329
2775
13408
5434
15310
3949
15213
8680
850
9611
20291
9665
17983
15230
6509
13751
18002
12609
1727
9544
848
14402
20432
14767
16811
1895
3382
9366
3121
16968
15092
18329
3007
2624
13291
10535
2439
5586
19130
11368
11477
1859
11502
6226
19681
6951
16451
12146
8629
6086
13559
1981
19541
15875
13328
10682
16635
17177
18967
15506
13033
11179
5482
1985
17274
6565
17139
2491
3305
6163
17173
789
777
19674
5628
4328
6420
2279
9298
5067
2632
12567
5530
1506
17196
18949
2665
13966
14591
17201
1602
12532
11485
13353
3277
18254
17506
4535
519
13227
14966
20001
19727
537
914
359
669
19845
14776
9431
17086
15779
14157
1473
8292
18374
4241
16439
11364
8231
15130
12975
17968
18272
19248
11629
8236
8973
2603
19170
8181
10603
5694
13571
16918
2650
242
3168
16243
13373
20414
5538
13888
568
13686
16581
11184
8734
11837
19220
7389
7376
18146
13537
115
10518
668
6903
14920
11951
8166
10157
12876
15817
5069
3861
18896
3775
8506
7608
11499
1916
15701
4890
2835
3756
3883
2798
15377
69
6928
6766
20613
14000
368
6323
14639
13676
2221
16714
6050
14807
12369
2162
9301
20273
317
2349
13244
4250
2227
11834
20006
17165
11083
16498
17767
13815
10598
6808
17825
19298
12142
1303
9584
5303
310
20505
4442
16888
10491
7269
9464
8499
5190
17037
2301
10661
13601
18576
17273
10477
14008
6450
14627
11135
2969
6846
4877
5505
8280
13330
20331
13976
1897
1057
18904
17540
16067
7116
15094
5417
5675
560
8505
263
12496
13673
10817
14752
16039
20405
13046
5828
15257
2370
11037
7812
12326
15904
10131
18386
7278
8529
17801
5418
14699
15559
8842
12628
18636
6531
2382
7365
7004
5235
18413
19354
648
20381
20577
1072
2409
4856
2103
395
20453
1401
12834
11821
4648
6449
7610
6373
18983
2669
161
8545
11845
14653
6573
6296
6094
5146
13970
9492
8326
15992
5349
11714
3109
5993
6053
2053
797
12602
19556
4115
5422
18489
18242
3792
9824
19824
16800
18185
14109
13657
17576
15750
3009
9928
10479
14477
17138
3480
5101
5809
204
6681
16128
19969
1802
13837
17210
4737
15125
19126
14727
20477
6029
3303
13986
18240
16571
19813
9147
1403
189
12563
6425
8527
1639
10901
8199
3582
6178
917
13253
15190
489
16481
9095
13524
13432
13350
4093
10401
18454
11229
13185
9029
11684
552
20227
20005
1519
2766
8302
8697
16319
3839
4589
17868
9202
11402
2694
1743
15827
15944
328
7172
11320
19458
6997
17297
743
14704
7733
4507
13777
8875
11406
14079
1073
11640
6711
6346
19717
12765
11844
15404
4887
5447
3296
4554
19328
18449
15476
9811
19672
11251
10048
3381
3092
17246
17950
12618
4817
12414
14429
3663
15437
4968
20301
8802
2692
13011
6351
13860
2832
17168
3433
4092
9548
15956
9591
20534
6501
7227
3691
3667
2363
15159
13292
16057
19783
14435
6686
15656
1729
12506
11318
6703
969
17854
17264
11299
12615
9144
1415
19593
18641
4471
14975
16419
17805
2254
17128
3191
6225
18589
20082
10860
3786
6217
196
6335
10353
5064
16159
19744
17630
1595
11574
580
9220
14657
8437
9756
11219
11266
14395
9373
19854
11033
3269
5520
18802
13814
3067
460
10151
12437
14284
17366
5104
11991
4653
14380
6607
16814
16217
16564
2319
13645
13407
17389
19088
11647
1943
9336
20540
5878
4310
10456
4638
7374
12579
11767
9166
11136
6357
10064
6494
10678
5307
17645
14329
14881
14454
13969
17
18175
1448
9942
5102
6137
20162
17608
1001
1952
12667
10616
5860
9981
19594
927
5786
8544
19508
12934
19222
9257
16685
14777
1026
6265
8259
4365
18494
11670
2909
13992
15551
17905
11301
979
9290
2979
1310
13782
6740
5912
18749
5692
18199
761
551
3847
18400
9025
17785
13870
12196
13177
52
20339
17520
19805
5898
6325
14475
1231
1239
16916
2556
16461
16459
20588
15768
2484
5676
18357
6913
1829
12507
8782
3965
16702
16158
1462
2664
6149
11241
15201
14970
15699
8203
61
11675
1221
4867
2024
6782
17625
449
15885
6227
17922
4575
16746
19361
16058
2415
13573
11303
11892
5184
19546
9639
13332
6924
18611
5188
5403
9385
14972
11252
12337
8929
20183
7290
19719
1107
7952
7135
11256
17991
2230
13574
10810
15470
5911
5870
116
11701
12779
1447
20224
762
6078
1111
19994
3930
593
5636
9497
20015
14683
19443
12651
14198
1592
6469
18993
13448
15735
8132
14585
4898
5004
2540
8961
11082
16248
3159
1933
1825
2961
7892
5932
20000
15271
4512
4373
2881
6027
13654
4264
7105
5764
18505
9238
18314
1387
10967
14189
13256
3057
3637
12485
5767
14759
9831
7562
5321
4885
18363
17050
2542
7911
104
105
6986
4770
591
11820
13995
4006
11718
8863
15366
7974
2062
20361
17419
7074
4170
1157
19169
2042
1957
17344
13994
12826
1470
16167
190
9052
15876
19347
12924
14388
1191
8428
16333
20480
13265
7568
18296
7833
14546
7650
267
12568
4091
11681
323
5236
16645
2041
6821
4145
9205
15935
8702
4334
2272
7555
13301
10862
17935
10968
15195
18099
10839
11559
1446
751
15969
50
10522
2245
7957
2948
20141
1994
9517
6860
7326
14277
15128
597
13376
13316
8562
5766
630
15822
9372
6293
10474
19400
6014
2809
9417
19619
15422
589
621
1774
5716
7721
20045
16683
14437
11623
9381
5857
4935
10100
1680
4901
989
18546
5885
6207
11864
12969
10791
13144
15844
16442
6249
16694
17881
6394
11220
15593
143
998
17659
11920
10932
7529
11187
10759
10088
1306
1567
16021
17473
13042
2872
13962
4159
8509
19401
17710
10275
2135
10091
3605
8543
6128
8585
1966
7482
8440
14626
9138
136
11218
11683
2575
6461
2939
17587
15132
520
3752
12617
15421
2342
11914
2955
3991
19258
15392
10987
10246
13471
445
1766
14265
11283
6412
13548
2022
20578
4986
5539
8084
6503
17928
10998
15087
12525
2970
2179
9817
17937
18201
13587
4085
8402
3823
11715
7544
4617
6721
6512
18865
7212
18956
294
19820
17579
17367
5050
6240
8742
17609
12406
9594
15749
2879
10584
14436
7603
7411
13945
11107
5973
17582
4046
14460
4548
8644
6635
3375
10943
2971
4499
18054
13437
17227
7220
16031
4584
9397
9281
18763
3335
3465
11774
951
8005
8942
12379
4764
5783
3399
19153
539
5994
11598
19299
4771
11877
9272
12144
5941
1746
17599
8229
10249
17573
5541
1108
8772
12139
14031
1963
651
13478
12395
11860
8778
6371
7115
3678
19152
13902
20327
15597
19467
13904
7712
10225
17293
4947
5808
10910
11994
3896
194
9861
12709
8093
2510
13112
18867
20198
5588
11405
6133
12703
9567
5136
13148
16246
19382
10867
1635
16046
12645
11806
18258
174
8872
1644
19819
813
1527
14048
10993
7848
3599
6349
17637
14827
4301
18232
19193
13464
10564
8071
2687
11152
17457
7518
10470
12067
9549
16054
2860
12641
1784
11639
13364
3139
5833
7175
11456
5469
11231
18639
9569
1020
1484
1576
2335
30
14330
14598
17370
2340
14976
8760
7265
16367
20580
14661
16093
7683
521
20057
11261
2459
6037
11770
12644
357
2885
7736
18368
5074
13340
9192
14898
12656
13482
1069
11830
5487
1868
12325
19419
954
4208
10364
17412
15681
14923
6391
773
7594
19603
18991
7965
12250
13211
18535
14891
11247
16682
12277
14133
10174
13151
9377
1518
6212
19812
419
923
4356
220
502
11068
20086
919
7553
16531
8407
13264
19598
15176
12551
3350
12324
8885
10724
5215
4102
3562
15541
4541
869
11635
19182
19453
4336
7802
8131
11140
2085
718
17790
7758
3855
6649
8623
3593
9463
8524
9892
10248
496
6116
19538
11849
16220
18064
8359
9229
17281
717
8940
8771
2944
10321
705
517
8861
20425
5593
6446
4560
2622
5158
3747
11449
17324
15354
4926
9129
6706
11729
13789
6343
10581
3827
4977
16793
2079
8679
11534
18485
15182
1650
5810
7747
7009
19877
15382
9836
14196
5404
17885
20143
9962
12535
5144
12729
19050
473
10328
9638
533
3163
14755
5915
13794
17024
13138
15409
10374
16542
15957
19868
4907
1651
12264
11072
2493
5056
1068
16252
12180
14524
18018
18799
4134
15005
9746
10407
17938
8848
11965
7916
4094
8867
4985
11569
14964
14895
6759
11180
3795
17570
19415
14523
10848
17945
3727
11496
5289
4555
12897
17980
260
14558
11827
6416
9855
354
18004
1237
18450
15894
6216
4362
12305
3954
20243
5397
17776
3969
9180
15004
3397
20265
16749
4081
16477
2884
14146
4052
19881
19031
2807
5791
9270
12296
3416
18113
20034
1427
5496
16856
10129
17788
17779
300
10454
3578
15645
15263
3474
11493
12006
2432
16835
16358
4897
12543
11350
7641
5667
2391
19279
17422
11047
16136
10412
16602
18350
15345
2685
15067
8125
7334
5152
5990
9170
12175
14104
19887
13272
10029
8819
4921
12192
12741
5243
14023
910
7868
12080
14077
11573
6689
15889
8850
16821
6376
1752
20598
17848
13810
16269
19257
16638
2031
8142
1544
844
17379
5568
5088
16805
14772
3114
5824
18565
3603
1347
385
18866
6134
20419
20490
9256
13887
6582
5286
16192
4039
4498
7027
4114
8531
14889
10293
3947
7352
7619
5514
5792
18856
7329
17245
14922
1717
7862
4355
11564
11431
2350
19968
13093
3492
16086
11873
1661
2213
10326
10143
3696
16187
18725
5231
16366
15233
12051
2481
3621
9909
14252
2958
4198
17255
16908
1038
4376
10556
20491
18913
7098
20328
15106
7600
11858
17069
6563
4768
4435
19796
17602
4228
9917
2164
10363
15763
20063
11392
9386
1800
2858
1534
11079
12213
16591
6989
18237
563
6594
11150
18842
8628
13599
4769
8343
9341
7651
20158
10684
1474
696
8584
4223
9697
70
18200
13792
4469
9632
15536
20060
9152
18585
6308
16473
13809
16087
3221
4412
14378
19457
20066
8617
3990
833
15974
19905
18612
6012
16711
6525
14822
12636
6478
15728
4821
4993
15553
6830
2417
12858
18001
2746
13101
4402
14725
5741
1675
4032
20081
16083
1458
3886
17842
13331
12300
5734
18253
19562
17188
17091
6442
7221
4981
9000
15100
5914
7981
5980
14482
15192
3389
16636
6427
887
17112
9826
16092
13616
7859
1678
255
5436
6741
9274
14181
3539
15708
18219
3534
8611
15545
3164
15396
1625
6002
10439
20469
18043
12232
4713
12627
4550
15631
1938
3842
4024
18515
5589
17640
17657
9315
10830
15564
5336
8882
19833
20342
19460
6824
6754
9668
18428
8004
17951
592
11146
10422
17222
11205
8507
14878
9324
15073
14781
19552
1552
7266
9171
315
17484
4422
15769
11057
5595
11418
3989
6521
16606
10213
19767
2009
5711
19489
5849
8082
18136
12016
7689
4247
13872
7897
18918
16892
13057
14528
3250
9572
7734
12090
6307
486
7814
17479
9248
18679
9927
4513
16598
19306
3987
3502
13890
17834
477
3412
7129
15585
13382
17415
18978
7515
9359
5560
6735
8250
4175
13931
4503
1103
5702
17070
16862
8840
5049
8268
18555
10165
19027
19044
19748
18182
17027
13624
8060
9585
4814
4746
19630
837
864
939
19175
16401
1393
19309
17770
3421
14125
11747
17536
8808
4941
18168
11313
15081
1809
12336
283
18332
14994
11208
19133
8634
18850
9894
19867
774
10061
6749
8315
13532
8036
3877
7373
11811
13773
18354
499
16592
4571
19319
20597
11007
19313
14439
4449
14538
6305
594
7968
20077
18735
20406
1691
14376
6943
5352
2614
8034
14438
8914
9880
5296
13276
9648
19828
8573
18807
13315
8346
19680
18828
10035
6453
19416
17664
8729
20511
14813
6944
5750
16619
18889
13817
12718
1215
16278
11568
14506
1822
4047
14775
11395
5606
2942
2553
15441
11430
13681
36
19191
1815
538
4269
11338
3662
12223
19059
10743
2317
16724
15598
17864
7083
15640
14222
5111
13822
14003
15565
18920
5327
10102
17532
7028
15854
17171
3309
19487
561
11277
17572
37
2284
11759
8935
1045
13190
6724
17127
4286
19307
936
5389
17971
12251
10991
16175
18996
3553
12913
19566
10127
13846
8448
3870
3804
19397
11217
2643
20189
17123
5032
4871
4518
4287
11945
10973
13210
11093
19747
8222
9953
13116
2329
3676
7107
18622
11588
18661
14170
7371
13921
14299
5325
2199
11302
5419
6537
12280
8784
5605
2522
16669
810
9563
4528
1723
19304
6049
14360
11803
16212
10879
10236
4110
488
14579
18597
7304
15731
10039
6536
6186
17943
10193
16169
7556
9650
18748
10122
9742
3771
11560
4762
19082
8394
2361
19146
11458
2473
10675
3173
3361
18747
6602
20185
2886
5592
5648
18308
19204
1070
8340
6970
16399
1294
8600
8048
5377
12181
19831
2111
16530
20585
308
10149
13523
11918
4800
12874
6473
2133
16
19310
12211
7988
3481
1322
20022
10851
7158
15200
8764
1086
20142
10729
10317
11679
10090
10519
11488
19627
10181
3993
1917
227
1012
18112
9801
6612
2102
12680
7384
7754
12730
19056
2366
17517
12057
16855
9787
6676
1998
11095
1079
16902
10516
3984
16861
19622
6890
14823
9488
8817
11061
11946
2975
15150
17975
2657
6488
13206
17331
11233
14630
7542
3763
13165
5841
3326
7305
11186
922
13178
1690
9430
12727
4143
15453
16304
14050
20390
14156
13859
19132
1920
6865
2996
7554
12049
3679
11997
17862
13167
2515
16715
9748
4177
3910
6783
17564
19978
3850
7796
9012
17620
3549
15959
2294
8534
17918
19030
13110
10580
11420
3117
5212
6222
1808
16408
1733
19504
19446
677
8019
19520
1493
7457
1264
5384
15540
2519
10610
15001
2555
7987
17225
12500
11643
3893
20030
595
2015
5350
15454
14289
3413
2733
7113
3483
19531
7344
820
19340
11155
13254
19536
10022
3019
2564
4308
16433
20473
9085
2119
9529
15397
9539
10164
18127
20496
10613
19535
2711
20353
6283
12925
10108
577
5652
17889
20026
8317
7140
3241
13118
16062
17988
557
16843
18744
4864
1021
4543
9935
4478
3334
3802
16240
11847
2967
7442
14321
12385
12545
2757
20199
3079
12202
8668
8039
12316
12936
6656
3820
7972
2362
8970
6665
5497
20062
3276
1581
18090
7924
1145
5643
11921
93
12436
14014
10103
14622
9652
19643
4005
3220
13396
18757
17819
9034
2561
19673
14318
17032
14155
11459
4368
11243
3486
17916
7438
14018
8320
10423
15166
4965
14271
20526
1153
2048
16359
6691
15206
9288
10229
14128
1051
11738
6491
19856
18234
223
13366
17338
17176
8227
7872
5314
14339
12289
17815
14266
15898
8649
16894
542
14973
430
291
1250
18040
16747
5785
7150
14863
4292
8726
13380
8075
9963
4976
4406
16338
6337
14635
18011
10012
18558
18073
15843
10705
424
5091
6566
1524
14617
6548
2826
9099
411
4673
16704
6112
10823
2214
6380
18000
1725
16982
5251
163
14664
17342
1587
5634
18021
16930
10116
1059
6315
7289
16689
15027
1665
8883
20011
5733
12588
7197
6996
14834
7196
11519
12795
9489
11943
11293
5244
18857
19964
3446
12919
12879
11609
19953
19077
5543
5574
606
9066
3774
7864
16639
3202
5508
18030
14209
7867
7391
10970
7272
15387
12381
4799
12758
8143
12357
11348
3337
5139
3226
18543
9686
6131
8677
17713
18988
1856
2148
12548
5178
10761
7285
6973
15258
19407
8176
9949
17250
355
7499
8554
16895
2725
15896
14981
12248
17806
12427
976
4113
1046
15170
12577
5686
12734
9776
9823
12631
8690
10527
18358
2018
18176
9167
7644
10250
12751
19079
5577
15326
12966
5248
6176
670
10189
7575
20314
8968
12460
3264
10825
358
9445
2020
4832
3402
5360
19844
13912
15511
17972
9583
9813
18014
11575
20279
19985
18724
27
5818
9002
15401
12029
19466
9770
64
2414
11709
7803
11814
1172
13886
15306
374
16909
13871
12655
19371
4258
18405
4075
20532
17200
14839
7503
280
13131
16154
15611
16503
18510
16375
16628
13250
10352
4361
9877
17186
19663
14599
12576
8630
417
13529
18093
16132
13768
7317
3919
2938
4243
18457
9663
2987
15667
15358
7086
7292
13762
4519
19045
6575
12523
981
7418
9259
9924
12773
3659
6192
1838
18425
12288
14357
17475
3058
15074
7762
6617
8081
7217
9857
5752
14184
13933
17923
17529
12632
14294
18651
11346
19729
8967
11944
913
18937
19115
20528
7682
6365
10255
8803
10942
8594
10396
17057
5794
17936
2708
12951
1862
14281
18922
4894
4317
5227
3004
7126
8666
15253
8976
703
1891
19738
2658
2571
4502
8408
13097
15434
16512
3224
11995
15852
19178
4515
686
6697
5928
7763
9970
3002
10899
16676
4255
12774
18402
7460
7422
12359
7711
16795
6106
15450
11741
11274
6124
270
9122
19774
11200
3030
4217
9725
6637
13820
16880
9724
180
13963
5503
11232
18862
4514
19352
716
13186
11486
13784
4918
14999
13072
1666
3759
4289
14035
1281
1628
382
1456
19438
15270
12789
20501
12281
15694
29
18281
14084
2721
14938
6369
17808
14997
7137
1164
13104
6778
8480
909
2141
5141
5875
10955
10084
12010
19216
18003
17651
18556
16713
12668
4450
5822
3814
5997
12043
16309
7809
10291
8466
8513
19311
10506
15126
20400
8520
7287
15643
11446
9900
6090
18703
19015
6869
5262
17960
18609
9042
14703
5205
19469
9316
9459
15953
6356
2851
16480
17109
19750
18760
5678
2827
19429
18900
13257
13932
15589
5047
15976
3648
1842
10599
6898
14226
7602
13581
3550
11708
12069
19637
273
12942
2107
10543
7612
13674
12918
9096
9866
12828
12148
4557
13480
14478
318
13241
15682
13621
7436
5581
5724
14607
7666
831
18284
7680
19697
7279
16111
3051
6932
16958
18827
5504
11659
17430
325
5982
16203
425
6584
8759
2219
20296
4893
19058
10442
8239
15514
14213
1124
11978
14319
20449
8388
8661
2216
14067
12328
7348
2820
16899
18923
14250
14484
18995
14567
13017
6792
5645
20310
4020
14875
5309
18151
2244
1033
17910
17502
11039
1283
3077
14363
2380
7299
19161
6254
4126
20378
12272
16084
13545
109
16011
18278
17580
19610
6910
16244
5519
18279
3973
16703
11691
11882
3198
20169
15138
15940
16123
7741
18804
18126
4594
10836
14362
3237
12560
20474
8816
14934
22
2240
17259
2130
6659
7146
2275
7609
19069
20595
17650
10431
5949
2671
12320
4523
4803
7649
19511
9535
8092
9810
13996
15994
14212
20351
14016
8160
16102
6585
5509
1385
14398
13147
6627
1197
15752
9382
6480
2142
15226
1013
1096
13037
10370
16179
2672
698
10014
13540
12120
618
15471
6301
10986
7505
6481
13160
16181
7387
10782
7286
15882
7041
18528
12707
11592
5383
14480
18820
10233
5119
16226
10663
878
19121
12042
16326
13460
12786
13271
1741
9672
15789
1154
3654
17044
18688
253
4552
5800
16064
7035
12145
13734
7010
17531
3536
2777
12739
14763
4732
4536
19141
8789
14696
3829
1008
3526
20541
2523
19765
8496
5168
14982
15210
18495
11851
10664
8123
2184
2146
13823
11099
15908
7046
15054
4516
9557
5573
13882
15632
8686
6058
17082
5977
5957
4201
3396
16495
6498
9734
329
10687
14503
9575
15677
11630
9307
226
4714
11523
17481
19303
9903
11114
3432
15828
20145
12267
12993
19338
20229
17088
13552
2862
20555
11016
2368
8306
11930
15684
5873
8008
17931
19559
3348
6983
18877
12386
9466
5278
14373
13999
8631
1647
4414
11328
12596
4194
665
15009
17791
4417
10323
14673
836
16210
14144
16318
1937
14118
3781
10972
1355
5908
6282
7959
18541
15608
19760
9729
13075
7558
8551
6164
10211
3461
3723
1776
3650
14280
5871
16620
16249
1241
1689
9486
17155
8283
6636
5472
4044
15901
19398
1614
3588
11091
17202
11360
11073
12955
12036
5650
8087
8341
12462
2423
3491
9471
12116
18847
13504
13554
10051
3873
4082
10173
20546
13553
19123
20009
11907
13900
13592
17756
17211
11199
953
19915
12752
7877
18259
13977
18868
4989
6234
9701
1626
18180
2520
5494
8954
1119
19998
1489
3670
3124
8476
6424
7955
8487
3986
9369
3033
7684
7316
9814
811
3976
17730
932
7452
11052
13019
4445
18322
20047
10709
11789
1657
2395
6720
12287
1075
10403
13799
4246
14802
4642
2829
16311
8443
2891
7395
10880
14372
15626
7999
18762
15954
19832
5700
10752
9374
10050
11447
8639
17852
1987
897
3871
8105
4808
2189
18756
8835
3978
7011
3342
7875
110
19145
19465
8074
637
10428
20042
19009
15088
17501
9950
14228
14915
13248
17861
9123
20046
3011
2406
2968
7051
18255
17300
6101
700
4847
11606
6505
3095
10399
8810
18898
8424
12169
14175
17004
6604
20218
1173
9079
11999
10575
5113
9435
3688
9452
2850
1703
6593
15793
2392
6266
6688
238
11768
18707
19827
19406
19028
15726
15504
3478
15917
11796
7592
6647
10038
7037
2710
16287
14237
19876
20013
642
11327
19209
6856
5283
20624
5137
4891
18890
2754
5369
17158
10674
14351
9938
11924
14241
7997
9149
9798
11754
2591
8741
4585
2177
14862
3846
9191
7950
5292
8456
3283
1469
10771
1765
19179
5273
733
16875
1501
15197
8256
655
16277
20586
15237
902
7443
2893
11908
17254
18247
2449
12444
13311
16886
4972
14006
10257
12912
16956
16153
12979
8790
11721
18398
17339
19372
1180
11365
3429
8216
5406
7898
11632
16082
3462
13286
7361
16254
7440
18424
139
11929
13759
19484
6664
4923
2478
9416
1755
14547
1236
695
17332
15584
16024
4340
17026
7873
6771
19391
13180
8117
10648
9554
13088
12081
20211
2064
7122
12031
15179
17468
13665
7258
5483
10808
4266
1556
15277
9376
19645
10596
19931
5721
1394
9700
11504
20103
5110
14835
18173
17661
4657
3430
10775
14127
112
10437
13707
14743
10436
10996
6969
1945
5063
19024
699
9842
4086
11829
17423
14183
1700
17054
465
14986
11795
12420
6660
12663
12580
7772
1768
10482
12898
19433
1395
2050
8926
19982
20246
10468
20031
7131
616
18766
4136
6985
20461
8267
11125
1432
11801
7540
18686
4574
14090
15829
17305
10629
3205
8254
17533
2590
4863
2092
11466
18171
14998
18876
17836
11127
7984
11587
19821
14658
9592
5730
423
15629
16194
13863
17292
9091
15806
5022
2211
14836
17798
16844
8703
16953
16769
11884
4553
17887
14298
16255
946
11980
12408
12732
287
2963
10459
14811
11031
2580
9757
3737
5302
16068
13682
3102
10805
6564
15045
11883
17240
11750
14215
448
15756
17217
861
12399
11868
11610
1117
14349
13893
17778
18348
12750
4457
8393
20059
13069
6051
6658
15442
11840
3321
5656
19711
15052
16698
17093
9322
10472
3658
6135
10062
6205
15481
13487
1564
9565
335
4675
19305
2139
17065
9268
12643
19583
14563
11362
19430
12619
2122
20355
1737
17198
15189
12198
13297
14681
10647
19185
9065
10774
17244
2676
14168
12681
20365
18710
3767
3103
9576
19085
3818
983
7655
17553
13318
5208
13729
1009
15229
5983
20488
19730
13993
16845
13821
3742
20210
17095
10758
18295
3048
2352
2600
2303
11238
6154
17002
6936
455
2443
13081
3245
3297
14486
8855
5954
8603
17892
3681
17714
18287
10282
18524
6990
2207
10158
4840
16257
1586
19509
10721
17152
15603
20090
16098
3096
664
7806
9033
11591
12954
3956
19475
15225
5831
8538
23
2704
14344
12177
9334
19432
16538
5552
1503
11054
2068
1091
5671
13749
16342
14713
14987
15604
1166
1193
9216
12673
7895
11287
18378
4477
18331
15760
2662
14476
653
6819
2941
16539
20383
17807
13689
17291
12151
1653
229
9413
17284
9210
7416
8430
2554
18441
6465
10941
6670
3448
12119
4195
7531
3410
5348
19380
5900
14868
6941
11005
15812
16755
14043
852
16016
3636
2372
8307
1711
965
20119
10105
5031
10615
11337
7964
1739
11433
18512
19917
15318
6060
12040
14700
15402
15809
20392
799
6148
880
5118
3983
10156
1276
9615
2
114
3473
19918
5757
16634
12093
9339
16684
13946
9888
10784
16914
13697
17948
19584
9941
20522
10235
11628
18377
4022
7874
5726
7929
2014
18736
11041
10465
125
15679
3170
11373
10271
1163
19236
11730
5059
9973
6908
569
12814
10561
6475
7425
18621
13512
17039
13280
9876
20105
8304
778
11450
18796
14595
17207
19649
13064
8282
2786
9821
14356
17949
6312
19063
11124
17907
753
17383
15316
3787
15162
3821
9176
2149
4482
1854
17737
10569
7114
18897
9628
1604
13010
8602
8565
11027
17230
11786
13412
1553
6378
14046
8776
6374
11166
925
13189
18931
9103
1505
5523
20061
8658
13212
1314
2502
12178
13990
2550
5790
7998
18132
4690
10382
7801
3347
9225
16867
19213
1435
16739
3575
17214
5167
3435
13463
6558
8887
8949
11363
6626
4245
19764
7342
12439
9990
678
19586
711
5906
12598
17686
6671
18960
11221
8054
10222
8113
15010
4778
3059
17941
14645
5710
673
9740
5866
2446
1378
12255
1889
8168
6024
2187
10007
7656
4071
12115
4582
3341
3879
15479
14311
13221
1190
11979
4099
8566
7887
6113
6088
8481
16926
18162
18544
5663
12035
19051
7585
13500
2222
8415
6064
2646
5066
16770
6866
12440
4715
88
15773
10150
4161
20193
14432
12033
14479
9329
6922
7808
1888
9983
5559
5005
2649
19068
2887
8627
17853
20127
19006
16301
7056
5035
5934
18100
6937
147
13613
9090
6889
14007
8161
14977
8692
19676
2526
7869
16025
18977
2469
19032
19912
13515
19855
7237
2644
19514
16654
10731
1066
17447
13511
6348
14220
9930
9008
12155
13152
2396
1318
16099
15962
12134
17665
9806
18430
16673
367
15256
6286
7746
2016
7674
2261
12775
20483
15774
12208
16114
12199
12487
10307
12476
6574
962
15762
101
4855
14167
528
3680
12092
11657
14409
11162
7506
13427
1510
20058
4943
4865
16384
526
19039
7144
5319
5275
16381
2531
6119
18392
14022
13461
17059
2160
609
19548
19723
4197
12390
16738
18275
14640
2952
5060
3160
17000
11605
12930
6765
8371
3519
13357
2583
873
17634
613
1328
14937
17568
7335
14028
6538
10322
7399
5597
2450
14812
6203
14307
4839
2105
14159
1745
4403
18910
11966
3644
4725
15464
19448
7397
4936
3929
4796
19010
17920
996
12944
17474
6331
5583
19547
14273
20616
19066
10507
5416
19231
20632
7339
292
11577
750
12096
10449
19247
7091
7534
9003
6579
8204
15516
13761
11580
9380
1502
6121
4945
12637
3726
3142
7385
90
89
13960
2433
6236
13341
11342
9212
1025
18385
18870
11288
7164
18236
7094
18929
13267
11329
12748
20107
13372
11902
15375
16955
9901
1731
18445
4573
18845
19871
20078
19070
6422
7779
18432
5813
6613
13217
16369
4267
20232
10313
15493
12740
12863
19974
17435
9634
5762
17583
10324
10134
1244
2966
12505
20610
17898
11764
15411
14995
19766
11503
16204
10945
10237
18666
4011
11790
3247
20456
935
16352
1760
9026
14245
15858
2205
2586
19344
18226
5565
15370
15463
15505
13021
1914
6837
19350
19163
19524
15891
16416
10208
11833
11971
16237
13803
13813
602
7932
12835
5320
15096
13979
2282
14651
5149
15857
16751
7256
17323
17694
838
14138
14944
18502
832
14729
8311
11257
13379
6144
992
1969
11809
1882
3869
14301
1896
6298
6268
20354
482
16440
16649
9088
863
17431
7403
8837
581
4572
8964
16443
15435
19351
7510
7118
18106
14458
15693
9285
967
20181
16981
1742
18076
20044
16767
10515
15709
17719
6341
8372
16403
942
13987
14569
5210
1910
16722
6750
16383
20617
11895
18953
18696
1365
2504
435
7275
6605
12771
9135
1869
2548
6838
904
16604
8923
15313
13183
15500
14774
13467
15893
16394
14229
17333
3166
13647
18497
6145
11067
9731
9426
18675
728
17164
19103
15335
590
10634
8150
730
14596
6340
585
19021
18888
3841
3828
20444
9111
13947
8750
13303
13607
8023
14910
8009
12920
10085
10152
18466
13476
13614
3441
5703
9321
2853
12087
5773
6321
13907
8303
10650
10261
16037
15036
11508
19793
240
5951
11728
5518
6400
10136
7142
19343
10120
19149
8985
9261
8899
8847
4206
4078
9679
18879
16518
2337
17581
18364
9774
12850
14634
14818
16070
18681
1019
19960
7936
6977
9031
1773
675
9551
14945
175
4249
11529
12417
8295
13942
19638
11887
20244
4866
20020
3328
15460
7580
7618
12528
13287
6959
3439
13964
14113
7168
6303
14293
13123
525
15430
5084
13012
9893
17752
11608
14485
10018
6330
1835
12802
18025
5458
3162
876
15343
19211
9020
19543
19687
15683
19492
15790
11439
8591
20358
13576
11695
16368
6206
1756
12672
9914
14224
1603
19959
3913
4017
16211
18208
14670
16165
13848
8362
15617
11070
7188
531
187
9533
7832
6075
10864
3755
19932
19902
12266
13400
19549
19195
18907
9882
13758
7946
20543
7679
13294
319
795
8235
17131
20497
8920
11019
7076
10079
8599
8310
12683
19882
19941
12938
8194
18265
3267
19162
17499
9115
2954
12981
20202
17555
17448
6998
9379
6746
20430
19119
20254
1816
173
14129
20071
8854
8416
15304
3646
661
12830
15115
15795
12967
1483
7903
14541
18406
18456
1852
6528
15360
3280
18791
18885
12434
15348
404
6760
7514
13239
9636
3721
17826
2265
11760
10139
12315
3903
9977
2697
9758
15932
4818
7893
1449
16418
4756
3805
4798
16097
4644
17683
4016
530
8775
10720
9291
4919
4144
19825
11976
19816
14341
18655
6522
8646
6034
10768
8781
14971
2381
18537
2054
6816
8502
19914
4804
8357
18648
17451
14601
19011
19694
3345
3672
8406
8912
19710
14706
14417
13862
1537
9074
4133
6344
14453
11968
3641
7866
8730
2857
7102
18693
2436
7199
11002
11757
8201
11381
6923
10712
7468
13929
1126
14446
1437
3130
18439
18962
15798
6680
14952
3498
14724
931
19136
12333
7906
17434
2703
9230
4561
12467
11015
10441
18225
11265
3864
9439
19768
12950
20563
8660
18231
8727
20100
7101
20220
3815
16073
8314
3052
16012
18998
16081
1584
5641
11823
12455
12001
12171
5491
8996
12504
17107
15002
6287
20255
18318
14206
13155
450
1262
18882
11661
17627
13249
9314
7991
3523
19578
10188
2082
4384
15374
9577
19815
3292
14235
12595
5896
11319
17269
9996
3961
8391
3045
20109
10308
13262
13377
4951
1540
1609
5052
18836
16587
8294
9302
8291
8833
11897
19718
1175
4040
1380
10591
16300
5712
16316
14758
20600
2709
2258
4716
564
16344
14112
234
15297
4233
19690
7090
8530
1495
18264
14282
16149
18723
15633
16858
12452
17795
9267
3996
12413
15136
16701
4819
126
13157
6347
5848
18676
11850
1459
2922
1471
17765
16523
11159
13469
13521
17092
20118
122
5323
17144
3824
19660
10119
8731
18156
1706
4105
13563
10140
15961
11078
14407
2407
10708
1222
2095
18793
19387
12299
7382
17728
20281
10739
9141
8684
9395
8572
5651
6000
9178
18754
8685
4042
17317
10736
13959
129
2819
14487
2768
4845
3734
19414
4559
1211
8171
6355
15871
9159
6258
9939
6220
3630
1988
12495
16777
10369
17850
19295
5531
14929
9782
11861
3016
1636
6395
3354
11520
4101
9251
12502
15669
12471
5312
7160
3151
9975
815
8370
14641
20458
5170
7913
5027
7797
18719
20245
17061
14545
10735
10068
3572
4556
15803
16515
1921
0
19333
2238
13653
18603
14426
8853
8495
10410
17236
1798
17802
4121
20591
20201
14871
12157
3779
2686
12531
3248
9791
7048
8859
1497
5366
8136
4188
19510
4472
19569
16773
13108
4200
10638
9263
6272
12988
8154
20536
1803
20320
1702
755
59
14481
8956
18130
7664
13324
8299
9630
10794
12998
2373
8029
15232
1872
12256
20352
19923
14701
20499
4506
10484
1730
2724
3001
18970
647
9411
15386
579
19733
15879
1991
20083
18948
20479
13105
16904
2517
19890
3242
12887
14161
19971
18474
690
9106
17433
14926
28
8325
14375
4581
8546
15483
7185
12111
16710
6180
16077
3384
2582
15140
5322
8211
19802
16567
18711
15369
10608
19483
18662
4169
17753
8183
3544
6263
8793
11024
17578
1362
8243
14731
2463
7899
251
10172
7699
49
15134
19071
7451
11011
4098
14733
13370
15897
268
3848
1605
13914
7324
16643
8461
5474
2883
19888
1681
532
15802
13650
17287
12726
6717
17601
11289
13170
3803
5276
6675
1263
11038
19561
12334
10576
3087
14143
11173
15224
13035
5103
11421
17414
5607
17764
736
791
20300
4059
2682
17147
3038
4873
7846
18077
8400
19797
8915
20297
7703
20460
7532
14275
4357
8013
3529
20038
14520
4666
10027
20088
7692
2113
1795
3041
15488
2425
2982
9656
10404
16161
2464
13651
12508
19705
9125
15550
7719
15327
11399
7847
12017
9360
16656
5
13130
17256
1819
5337
5731
7744
19575
19946
9279
5169
10883
13310
15333
10503
17411
7861
17428
16151
4723
20470
16740
9375
7353
14797
12442
9300
2911
2116
3468
8382
1475
16479
11923
2861
19755
4892
19646
16019
5451
9269
2900
19491
13802
4753
17990
17605
5343
9555
1833
17703
3363
13202
4520
12028
9859
10411
1883
1353
9458
12156
8960
3082
18071
5893
10651
1162
19273
6648
14654
1927
19148
8812
16234
9009
4282
7288
2781
16168
15524
5553
13568
1097
6599
17247
13519
3171
3108
9561
12818
6191
20608
4781
11347
6237
4971
18732
11578
14324
17858
5033
12980
7933
10963
2935
2647
5719
19288
16646
10966
1087
3177
18691
8460
18511
18022
19109
14623
7690
14501
6976
17633
3200
18023
15108
9467
20152
11331
15164
8411
19171
8223
10828
4415
9406
12149
8263
11151
15022
2742
10418
15340
12691
19107
19678
16264
8945
11791
20132
13085
13462
10718
14854
8979
1747
18321
3032
1006
9870
5423
11245
13416
15606
19582
1410
3494
20523
6905
14581
17925
1200
10228
17666
20111
15407
9118
7900
7417
11235
12956
4777
8535
14633
16550
2452
20156
10544
5230
10426
19064
184
14766
17523
10749
10203
14449
793
19026
2738
65
2486
1804
16901
5642
20463
15163
971
13398
19927
2180
4982
10252
14738
2492
5566
46
11210
16799
20324
6223
1335
2605
13701
7174
15839
20180
13629
16014
13066
18743
7590
12984
19316
20164
8719
5051
8380
17827
8422
5743
14679
857
20312
12058
9469
14702
7152
7565
7313
6938
11769
5779
3761
16833
18227
14457
3378
19080
19505
19450
16127
1065
8665
18516
14383
7001
7638
7338
1536
14199
17676
6557
8552
11094
17312
14423
5876
17053
11613
9715
17355
771
1514
100
993
18536
943
2871
15558
12245
12103
17837
8145
16647
17375
8937
3424
11286
9796
17410
12793
12857
12515
1400
15757
683
7487
20050
16117
12768
9183
7588
8676
19482
16094
1206
11697
2535
15079
14817
9200
1874
18426
7421
17615
12896
10327
18477
10618
20440
18198
7979
18092
5173
4311
14180
3050
11933
6085
8891
19256
8662
7910
7525
15145
10789
5718
2190
1161
20318
18263
6364
13494
4147
2894
16979
10148
4155
9603
12188
11154
18210
7202
12811
5003
19154
14551
12865
10935
11010
11855
3966
3161
9150
10365
9759
2171
9622
5134
11212
20176
14431
14726
13561
12453
13304
13220
15848
6392
19076
151
8877
17926
14695
14098
881
9541
10074
6705
15792
12168
2994
6618
2897
1901
5306
4279
6850
11777
10969
9794
10338
2083
8720
15615
714
18052
15862
18734
14803
3404
8324
5250
11460
3937
5310
14353
2680
5196
13687
20609
19376
1554
18248
9559
19318
6168
7941
3757
5081
20284
14963
18117
15104
8744
8350
10440
5429
9680
3633
9241
13610
15330
1442
7661
5921
5793
9032
6587
7710
19381
13688
8241
11666
4401
14935
467
7547
12013
8648
19842
18513
6194
18504
16469
16525
18309
18251
20529
17673
13513
19817
3807
8114
14750
18764
16948
2236
10204
17539
11065
1549
14901
18606
1646
1174
3561
8953
17266
3826
4739
6083
18500
17793
14612
10260
11716
9140
18625
8843
2252
2295
8592
11393
8488
4420
9221
13596
13261
15887
20516
19454
15153
12788
20149
7195
13694
12927
1598
17341
14788
12693
1600
3564
11627
9997
14290
17390
15847
1521
10393
2074
2842
13444
10223
18564
94
6202
3084
18709
15363
19926
2888
19078
5342
10907
19592
17299
16731
1941
13188
3661
2843
14404
2905
19035
3628
937
12307
11236
11023
9485
16339
10294
10197
835
8651
13140
15040
14492
4257
1555
6516
2454
18591
4964
7026
13492
18320
12047
5068
16554
16517
6606
10537
13320
18584
3607
17018
12335
9253
17739
6162
7121
10438
7970
7824
18431
14328
6309
16522
14091
6733
8130
18742
7634
12312
9795
1826
20084
9323
18587
19205
8547
3925
2899
4699
3223
14065
3089
8405
15381
12695
8689
3054
18066
14883
13129
9187
1751
15083
3551
2762
9789
13752
5907
20482
4369
15596
10147
11122
3116
10110
3215
5353
575
15269
5869
19345
17030
10276
5376
14044
13808
3255
3579
7858
18522
625
18453
8541
4466
2453
17669
14637
8035
11355
16609
15178
7264
9926
8086
19459
6414
11190
6260
4393
11763
12977
19474
9226
13415
5644
16736
11781
6805
15267
19521
15185
5984
13452
11816
2475
18274
17078
16191
14415
2045
17969
14917
4920
9296
8409
9346
5172
13056
6080
17745
15619
12086
19271
7477
7356
19323
12105
867
10367
18844
8446
10577
7467
5801
13869
16664
19650
1841
7778
19441
7386
10874
16310
15799
19087
8257
12586
4509
7459
12510
4467
17074
7786
2220
9598
8209
1105
10329
11758
6556
18863
6725
9068
2124
17295
3859
18539
12592
12
6210
823
10301
3464
8156
11987
5365
19481
428
14553
1381
14024
9721
17020
5464
7205
16742
14069
10224
16456
9460
16261
2790
8620
17055
16688
14037
2110
7242
12102
11106
12777
19624
8856
15697
6039
10711
17690
5720
17103
8413
19269
8622
14925
9475
2913
17855
1003
8536
10241
9446
4103
9222
12443
9582
18914
868
2131
19272
6059
7967
5456
6375
19565
13620
12824
6302
18360
16299
5829
14659
13608
6165
11378
9331
17986
12228
4306
8030
12218
18915
8977
4345
3995
6198
6915
19424
17597
9073
18178
15221
15860
1055
4984
9427
10186
13780
9897
15240
12983
18343
13235
12844
6641
14957
1076
10421
6878
18144
7297
1956
2532
19
9994
12851
12046
18369
11228
9829
17508
9853
14191
6559
19973
9923
18617
20495
1054
10504
9815
8712
7715
4954
12089
8946
15780
10844
10089
20614
3143
11425
19980
10232
6284
13925
17118
13830
1793
6313
1188
182
14040
8876
4752
12840
13569
12451
15765
15496
3527
7073
17860
5267
13215
11294
281
3601
3938
10594
7657
5904
11413
19092
7620
4772
11138
13321
18072
12694
2784
3812
13029
17718
18464
20630
17777
387
5894
3834
16042
17432
3449
12346
9378
5499
8056
17022
16472
5410
14076
12121
14930
12200
18586
13182
14384
15605
4700
462
12431
11904
2136
17102
6718
18701
20234
11130
3724
15610
2592
8312
19365
2691
12776
18410
15718
6052
18840
9606
10200
4203
15139
14063
12808
17527
16069
4470
10210
14345
15906
18999
11172
15413
10277
15000
48
20188
6788
2200
10921
1406
6608
15884
18059
3261
4835
1777
510
17172
7723
20124
15202
1090
14838
16138
19933
5282
8187
15003
2234
6142
15359
1041
8444
8558
8053
10547
3442
17708
10409
5341
19900
2088
17849
8922
19758
13580
12135
10570
3626
1903
3157
3865
6218
20618
8147
14137
15513
9392
3233
3788
20407
11304
7512
7871
15243
18853
14902
1341
9799
16838
12167
3383
1438
924
9760
10730
17867
10383
1637
3699
16017
4859
1491
13213
10420
16377
16292
16000
11710
14078
20288
12735
9112
9287
7671
7838
2458
5371
239
13342
12101
3590
14525
10713
18637
14575
12492
14555
5683
5155
14463
11775
18833
17709
7222
13538
748
5851
1715
13094
4097
11358
12702
10078
12700
13089
5655
1208
18518
6304
5662
11843
18899
18594
959
2311
13628
14075
13171
17908
812
2737
3028
18056
19363
8455
7572
3377
3520
19605
12646
1608
18367
20023
7658
13928
4672
5850
9832
18435
11004
20212
3907
15743
13518
9104
8557
2089
16493
3934
6271
16229
4785
12923
13722
8010
3316
8425
5265
20498
16898
7358
20544
688
11156
13634
13383
5305
18036
16454
2538
15719
15127
17984
7702
15966
5561
2098
8192
9472
17998
7681
19135
2125
704
10499
12960
11956
17955
14650
10827
10889
13531
5405
2749
20364
3014
10047
17276
18540
15431
17758
8296
2488
18095
9414
3508
14762
14888
7526
5799
5525
11375
8070
13470
9510
56
10093
18081
18033
16306
5846
5549
13163
17732
14013
4670
4154
6897
12240
19336
2589
8445
12712
1980
6177
644
154
172
13883
14225
5770
19187
10588
11028
18346
503
20398
19228
5754
3064
7605
15912
10086
1476
8722
11530
13
8892
19889
2810
14116
17875
19034
1619
3794
12376
16729
9019
16780
13063
3728
252
15123
877
2461
4013
18815
17496
10538
8374
1979
18572
16594
9660
18629
15246
18050
6972
20350
16687
8713
19197
1871
2193
16661
6704
5507
5450
5424
10635
17043
8363
6849
16626
19996
394
4711
13693
18069
1323
18496
5775
371
15997
2841
14728
15915
7586
5548
16250
11922
13223
8804
10357
14580
9895
10754
9781
19210
14680
6858
10876
8919
13424
19612
13660
8111
2628
9283
13636
12964
1482
1010
2169
2949
6701
7639
6722
18055
3217
10926
10019
3257
7908
6398
10312
3225
19716
3703
13302
7186
474
8820
12005
12648
4166
19840
17346
20195
4165
8442
6484
19615
10219
16822
12780
15305
15722
3857
3997
10655
3450
14532
9819
494
995
3583
18371
20557
6479
17869
4782
1873
4398
16631
45
11900
18215
2779
18310
4448
19527
5041
16293
15408
1461
20052
10532
19408
4007
7652
16521
18928
1351
20587
314
124
3988
13585
9447
17891
11498
20494
2070
6661
13346
9384
15560
3172
18531
12883
13678
10009
14072
7406
1216
9693
10765
11103
5555
14946
8492
18568
8389
7087
15039
7493
13910
13391
1254
13582
17015
7216
9677
4706
13709
1077
10936
4274
19706
10239
13978
18041
10755
7536
5653
13730
10483
1017
8318
18158
5837
7993
13230
6640
6545
3415
16196
1638
1875
2413
16924
12412
3797
13572
15804
10843
12383
19291
8747
12353
18491
4394
13829
1348
9844
16850
4433
10816
7067
19904
6097
8040
19100
4227
5094
16946
11938
14798
8836
17167
8426
7191
3132
905
15299
9967
5493
2666
15461
10274
18045
4794
6497
20236
757
7579
19143
14055
6590
8526
1138
1301
8420
4649
2063
11444
14021
15512
10130
5263
33
18020
3610
16527
6899
13458
10776
10974
2741
16041
19834
10081
4931
17350
16341
18982
10461
5241
5861
10766
1931
17616
3358
15339
20238
20504
14467
14840
14422
17372
3196
18409
2001
8021
16679
5784
9006
14207
2225
15664
11696
10737
1372
5925
4054
15008
7748
8568
3148
6683
5732
18161
9516
13038
4426
4967
1759
5039
17820
15937
2547
20484
332
553
19962
19451
11936
12855
6696
17792
2558
19131
4278
11871
9523
684
3427
3119
15105
5763
6033
19151
7300
10685
10646
2249
13284
19221
20451
12724
4625
6143
13733
13004
1366
13704
9273
14081
11839
11118
15198
6063
7492
13560
19702
4858
16818
13173
9130
8638
7764
67
8264
18194
2290
4447
20144
1915
19355
16887
9175
15371
1877
17682
17822
17880
9624
4350
13748
13259
4339
12356
18784
16878
11740
16274
8701
18785
15855
14880
3086
11583
17459
9320
18721
11973
16658
4434
12071
13041
2619
19111
719
2204
9333
11964
2438
17134
15131
4662
15362
4529
19495
12449
7643
12210
987
5446
18955
12937
14291
5281
9702
7005
14411
4591
13389
9960
18087
13397
13742
18035
17489
9593
19838
386
17470
14521
2166
12219
9521
3835
4486
298
19666
13348
11780
19726
12075
3968
5297
19386
12540
16804
10060
18111
5832
4683
10359
6887
3056
2802
779
10872
1788
9247
11521
17011
16405
11515
6457
11937
11470
17007
3488
15467
12989
17838
7718
7980
11719
6046
18650
15868
20170
4049
1084
13612
1255
14054
7584
5725
8570
18706
12220
8180
15061
12193
19763
132
5162
7054
13006
11092
15767
2873
2854
1964
276
16977
8955
1129
8615
14996
11415
2106
6844
5492
9886
9662
18659
4915
8042
6814
16791
5661
1466
9513
5043
18657
14088
9345
5129
10345
19948
10118
2638
7134
138
15307
14322
1970
4626
5071
4229
9620
3872
10665
19667
13362
10125
19777
306
666
13901
4051
1721
11804
16563
9579
5130
10187
5706
16919
5452
20362
6772
19613
5311
8787
8064
1562
1014
11108
7678
10653
1772
3185
3024
6872
13786
7622
2456
13712
4730
2920
16147
3743
18206
9681
6397
16478
16561
5362
6350
15526
9062
5807
8353
18039
19787
4067
6753
18170
7381
2055
16716
10292
18811
8079
973
2086
1750
20295
5240
10587
1667
2678
955
15518
19396
17243
3353
15960
13308
12763
11242
3642
4829
10627
16213
11171
19486
19780
8512
5511
9538
7928
10121
5391
13009
16253
18830
19285
11089
4291
15698
4539
829
19241
17278
13973
4601
264
14542
9146
2061
375
5959
1027
13474
7253
4620
7149
4432
20606
11377
2430
19596
8851
3355
10052
4889
11622
16139
2320
4895
8694
7424
6096
17670
16551
2726
18420
15053
16205
10645
17973
20293
10845
9303
150
14455
14785
15810
3617
15869
14882
6279
10032
10574
4273
19906
18339
9658
5759
3754
20096
4418
16758
17443
19485
1115
18452
11414
2560
16343
9972
12611
16839
5046
1885
14227
2690
13282
13721
16546
6642
4643
17985
18467
7891
17618
2328
14689
5739
7963
2870
5758
15248
17029
12827
7345
20305
1392
7274
3411
18520
12104
9525
16650
1234
3308
3992
14865
15487
13533
5717
12657
12269
11616
10787
5745
4364
18628
17575
18837
7232
2208
16541
15941
14287
4034
3339
13795
3623
4905
3293
10013
5623
9060
11906
6238
8141
16379
1390
4037
7484
8140
3713
14697
17835
18768
514
20095
16460
19897
8596
4851
302
20172
18046
20094
8832
14440
12893
1229
3867
17782
4707
6877
18826
13920
1052
7625
15965
5521
12799
13672
15013
8818
6645
13158
1000
2192
18148
16360
4048
7835
2916
8225
15110
1790
9633
17008
1487
19775
1421
2569
11543
16496
3357
1121
18552
12917
5061
15520
11992
5924
8799
14115
15308
19722
1451
12571
13245
8574
10055
10947
713
17888
5847
11890
2915
8669
16566
19086
18241
10762
8159
16615
17310
18740
9007
7234
14886
6299
16809
9534
17019
8148
7749
8286
2588
14508
5633
12141
13583
4452
17895
5919
10846
7208
5909
11651
13878
507
2866
6628
16988
20550
7464
18417
7753
12129
16005
11756
16256
17363
18698
2235
4660
2403
13737
3875
20636
9699
19671
17624
4975
5666
7611
16797
17175
2276
3849
2602
13146
20435
8473
18334
11163
3977
12483
13454
13811
17386
16890
10017
16372
4131
2247
512
11558
9713
2977
12794
19634
6744
3071
11264
9899
12099
11538
1593
6694
11129
12769
7031
2549
11340
19013
12990
2316
3463
7677
10944
4156
1286
10268
7404
20345
15171
11102
14913
5854
6408
1414
2876
304
9415
8038
3686
15784
7598
4639
3047
5407
12021
732
12871
17371
9061
461
13594
9635
15049
14158
1439
413
3214
1377
3193
15218
2444
20209
4682
4275
8652
14921
20409
11734
10025
7591
14741
14991
11389
1944
1814
16832
6925
3219
11798
10185
7909
17238
14153
19494
16928
15562
8080
10562
3510
8879
18638
9092
15273
4184
508
20093
1319
3584
9508
12590
19357
806
13781
7177
10738
12872
18174
11209
14531
15853
19394
8015
18800
4532
8871
7430
9163
20307
12209
12881
11316
4743
20120
10159
18554
3287
9364
6328
7839
19155
12616
6019
13922
6895
17452
15934
6672
11724
309
16371
5821
5014
7958
8271
10447
1251
15625
2772
11434
13639
1061
20269
9094
17824
19134
20260
12203
5598
1269
8501
17048
11941
3928
5099
11658
11590
13134
3419
9242
4429
12698
8279
7412
626
8097
6155
9246
14919
1767
19892
2756
11462
888
4459
8884
17526
1053
14073
2223
16537
18593
11831
19901
17090
11783
3340
1523
19435
11685
14421
20408
10801
18379
5430
4510
12052
17590
16671
11148
13059
12351
12048
4109
2696
7050
7836
11226
20462
1325
20420
15458
18824
5707
15567
1243
8986
3876
5735
13691
12916
8486
12594
11195
8328
6930
8873
14049
16879
6261
1550
13203
2270
12947
5461
8707
8517
11189
12931
16251
2599
16235
5121
20010
5228
363
7563
19585
14509
1308
1578
16142
15217
16170
2248
8355
4969
15753
3729
13359
13841
13849
13716
8636
20575
12182
10342
15347
1133
13420
12953
15070
19284
7857
16314
14434
6062
513
17378
11322
19378
8579
4621
4775
7621
2145
13505
12465
9407
1649
14884
6650
8938
1423
18442
18571
16686
3256
3769
8909
4492
4411
6732
15870
1535
12062
4187
7855
20558
1522
10946
12239
7437
1125
2633
13405
10460
17485
231
20385
15586
14154
1324
8493
4112
18283
17794
16075
16143
12391
18304
13242
5468
7448
10279
20014
5356
16830
16043
7018
18875
13706
2750
9051
6428
18640
9462
19869
4327
19404
6982
5599
10180
11202
14578
19461
10579
15892
16036
14445
17195
19772
16164
12705
17113
7720
1176
3567
18599
14187
20075
7156
7539
6256
5698
2648
3515
7241
13675
784
14826
11357
10231
13818
16224
11671
18252
788
8099
7038
798
13760
7014
3631
4876
4735
2882
4476
1253
14342
3682
4268
9280
15242
1317
3192
10820
10701
10433
6447
7795
8735
17913
17071
18125
7165
1948
11998
12658
1185
1440
5600
12166
12257
6430
17388
12642
11013
18048
397
1116
11081
15410
14778
16596
13266
18444
9980
11539
19497
3784
13433
13453
7907
6360
9293
259
3783
17933
17449
3008
10541
18205
5016
4939
14948
550
19677
11704
14173
170
2512
1982
1705
11032
18294
7714
11947
10798
14136
17813
2123
19987
9875
7002
12464
11927
18957
15758
15451
4717
9348
13204
16337
14629
6455
123
14122
6770
5613
2359
8435
12022
17322
18563
5117
11271
7261
16941
16357
7647
10215
13133
14877
17712
4300
18533
14459
5609
9777
8522
18753
14347
8844
9363
12556
438
12714
2114
9589
6166
6634
2066
7560
3598
16670
5946
19244
16787
15309
6751
6994
17494
18714
13179
2023
2625
17006
10008
7204
16884
10389
9482
4325
9388
17588
20274
18216
19243
2411
14216
16504
13122
1832
20633
19908
10464
3027
1007
19183
14794
2033
10578
1950
18780
14906
3338
12423
883
7670
1796
9835
12363
18147
4654
14369
1930
12589
3546
17733
25
20203
17705
4222
3511
9155
3273
1594
12410
1141
53
5897
4111
2659
16532
1240
19922
3176
9979
13719
2499
11891
10073
10717
19043
18551
8678
20089
4696
634
12866
17213
3768
7480
8037
5006
13422
7782
20527
8287
3909
11881
16391
18738
7785
10397
7471
12706
17145
20567
6588
5038
15595
17021
16074
7481
12065
1559
764
18276
14646
3692
2448
4261
4072
13065
72
624
14403
7179
4517
11497
17655
12907
5587
8441
4031
2077
4456
6873
10493
17268
10834
17914
8069
8007
8704
15399
15939
4531
2773
8365
19685
17684
18712
19779
1984
13430
1468
18981
19791
7354
13617
9737
14912
20197
2947
3825
14734
14507
9684
1339
16774
8397
7740
9948
15385
4678
19597
13892
6952
908
1210
5181
6535
11723
16599
13040
7247
3106
18015
18338
15478
19739
11018
13939
11584
4731
372
17114
14756
17280
8635
14192
15933
2357
5245
18592
18654
16964
7040
19623
18782
14262
34
19625
10425
4076
8457
9410
1408
13045
9581
1419
17221
17899
15187
2500
13948
9822
17700
13805
6435
9412
15621
19806
278
10908
14052
2864
7235
17965
17492
16785
1431
11134
9952
13949
5017
17067
2197
20524
4576
1268
3772
17870
16543
11854
15556
4182
14806
12421
2758
1477
1846
11713
17643
7535
17140
17619
14985
1189
15995
17084
18705
15337
763
13020
1120
7800
11407
5840
9480
9515
5380
16471
18009
11919
7184
16952
18469
16189
4944
17685
10334
5945
11662
10254
1407
19001
13306
7645
15785
18728
5918
10716
4961
6244
17052
9599
5981
3365
10923
19836
18051
3580
17328
361
8796
14843
1397
15117
5012
74
10668
20441
6025
12384
3249
7989
7727
8121
6552
10098
8163
8470
4064
10190
17734
15328
3141
11673
4686
2617
10296
8671
19704
10757
8754
19349
6008
17464
2049
8890
8569
6169
15365
6786
14469
7663
12599
17711
18461
10626
2011
4647
7701
12206
12037
509
14739
13361
6
3497
20091
17940
7819
5524
13054
15710
14194
12904
17915
14570
4677
19606
17241
19321
4219
8094
12112
2992
11826
1839
9429
18772
5187
20628
10133
13114
4744
12782
4900
1050
10310
12719
15023
81
17962
16088
3204
10360
17343
9039
13014
11084
12294
11359
15527
7578
18186
18855
3155
400
5057
2176
20416
10500
13590
4238
2440
2005
3496
3819
16049
3090
1997
9128
2739
2186
13369
6667
7262
15673
4324
20266
495
18846
7082
7112
11263
6280
6081
5294
8774
8971
4568
15814
1330
18407
8966
12393
13816
9362
15569
4437
7063
10097
11554
11950
13312
16863
7415
18269
10937
8604
5646
7066
3006
13845
17129
6929
9069
2210
10773
11149
3950
12941
20033
8098
2976
9993
20025
16936
13255
9891
6841
7905
9540
6567
7312
330
12477
3346
14904
4366
18689
18529
13317
8220
8116
13013
14268
4464
8925
12653
14140
2610
8829
10590
6529
5545
4058
4123
5346
1823
8135
15029
4419
19700
14687
13695
10710
8978
13325
14993
15751
9357
11071
16434
8453
1312
12480
17352
4205
1515
4860
15432
16605
13298
6803
5471
14465
18934
14873
10763
13166
5971
12572
9409
18959
7722
14026
7117
16842
16726
19577
11524
19037
11779
5092
3716
7125
10376
19553
8576
5931
1235
17101
19607
18814
14909
13406
9468
2185
5629
15322
12565
8230
10343
16361
13981
12082
1688
6867
1716
9645
7039
11435
11165
8500
3622
15712
18881
1287
12511
8504
7931
10978
12959
2498
4501
7792
11352
18911
18017
15840
11707
18695
11869
5270
17944
19192
5299
20377
16197
16760
17554
17351
3705
7231
4158
14051
13998
10529
10950
18078
6470
6839
10878
19138
7245
769
8998
20397
13832
2369
3333
9361
19214
4313
16140
12304
1376
10815
18848
14123
14259
14166
17192
5688
5445
18038
5402
4012
10894
20051
8434
13739
1958
928
19862
17384
8687
7767
14195
13644
2377
1685
10415
7912
14519
12935
1975
5953
9595
7852
11203
2903
7673
7599
12150
16502
18375
13027
11469
6690
5938
15238
11403
13003
18105
7320
7818
1411
12472
4074
9089
14543
16812
1011
20466
7394
12985
4578
12088
14513
10602
3015
14723
12708
7776
7260
5328
18188
16744
18359
4061
4663
5193
14496
8830
7119
10841
14095
8452
2115
18624
14550
16340
8682
515
16583
1093
7062
13791
20422
3597
10042
3980
7945
6419
5972
2511
10928
19282
5569
7283
4035
10240
20019
14314
11239
9456
3035
10994
18061
7029
19745
8894
4389
11216
6434
11410
3252
13567
9108
1507
3940
15216
6785
8247
19003
1547
20579
6157
10452
8128
14583
8182
14600
17394
15376
16195
17896
10606
1720
1295
16651
16995
5261
8533
11972
8260
11555
3782
19648
16597
5036
2596
1763
9816
17811
8031
17884
4089
19098
18573
1923
2980
17204
7787
17704
12389
17400
14474
6633
18994
1031
3440
12493
1114
4925
16667
6221
17930
18567
5687
18103
2637
7920
6386
20502
9649
18213
9786
19930
12454
13520
2178
148
5617
1962
5708
13881
2993
9739
5441
12162
14851
7210
2985
9860
11063
7100
10221
16893
12541
20315
16104
12630
12949
6136
2914
7983
6291
2420
2128
16003
3314
6653
20325
10183
19301
4019
2159
1445
9851
15926
14879
17924
4852
19567
15183
18841
19139
9071
3091
17458
13819
10895
1016
1219
3373
840
18663
3500
628
16697
4745
18446
18065
13508
3201
16490
12915
5428
19929
19657
17857
5557
20402
12136
15291
12790
11668
11772
4825
14968
257
12401
1610
1123
741
14856
12635
6852
9803
3422
17483
19734
7761
19986
3476
14924
18108
16295
10070
8503
1526
9151
403
12554
6625
7340
6105
1074
6540
16134
17674
16407
20021
3998
6389
13307
10435
13842
10600
8811
7919
3718
18517
3278
7884
10385
3183
13091
17472
4903
10331
3406
9937
8761
16873
11653
20133
3760
10940
7759
13547
12558
8386
15609
17133
11366
16199
2118
5749
6554
16184
6886
19699
8275
9143
412
2836
2713
11012
11746
13024
4163
1248
16819
12976
16932
364
19759
5789
18097
11607
19147
7975
9883
8301
6381
2945
5020
2932
5374
15864
14576
15543
9440
5585
10395
7921
13219
9299
2735
14119
1326
17929
18582
7008
232
7350
17001
12870
4199
1983
13879
14059
3289
18124
5495
6654
8026
1769
478
3207
18525
13489
19083
8841
10683
16276
17286
6153
1454
1989
479
18805
5635
12784
16327
3733
13708
20171
4342
3548
14070
407
7956
11457
12172
12176
15636
6948
1533
4881
15742
19909
12435
4320
16719
7466
1375
15665
15577
20434
8932
6297
638
14962
3490
3516
6530
12428
17242
1338
9779
4751
14887
15280
13864
1062
14365
10023
4481
10982
1149
8878
18514
5670
8226
10226
20590
4335
11349
16130
1167
765
6219
1481
19113
12441
15579
10315
15618
19537
5989
5040
16145
6402
222
16989
9830
10392
8656
10680
5879
4377
7474
13333
11875
9733
14712
20041
12143
18091
10269
8385
54
9181
5630
11281
15015
6245
7783
256
12908
192
3187
12800
4475
16089
15678
12020
506
13484
2059
2936
15403
19225
1037
12593
4998
12756
8559
17772
16877
13277
5370
6736
18305
11893
17507
19036
10800
8344
1232
16055
11589
15930
3026
17997
17193
16759
14638
15323
11343
19062
13260
5580
5778
16385
17687
4359
1924
6439
16998
282
8058
4679
13530
8951
7642
14800
19260
3673
12754
16851
4069
14833
11762
5453
5030
11926
15019
1828
14892
6600
8860
18376
18964
13896
13496
18801
5426
16681
2087
5025
619
17996
5442
43
15841
3840
20129
2656
1674
6947
7765
5075
1642
10919
19265
18086
12415
17399
6485
3813
2895
8706
12945
1827
5830
4668
17040
9399
19237
2812
18044
9188
51
19425
18470
18669
6367
15191
18834
14176
13602
5665
6993
17450
18335
899
19572
14990
9910
6015
5333
11080
9896
16992
15295
7954
7587
12900
8234
5727
17727
3708
16446
9058
11317
3211
32
4720
13345
4708
912
454
468
1563
14954
20448
14768
17906
16404
10964
18919
8618
5895
12743
7593
16173
783
3072
15228
16364
14011
18633
9947
8831
2117
16633
9613
17701
5621
3525
5042
4667
865
9423
20249
4408
5582
13622
13252
13557
6022
19689
18498
17382
12803
14678
2608
1485
11161
8902
17441
14015
19259
4185
10760
4230
14663
20270
18423
1922
145
15648
16690
3428
15981
1573
11917
20213
543
13797
15627
11035
16859
12785
13456
15865
4779
5713
13164
15220
3884
16678
9843
19785
13824
3653
12837
10285
3060
8896
7854
8900
3796
409
9959
13273
11656
4307
8269
2202
6576
15495
13132
3075
6801
6962
11942
20264
6418
9217
8801
16727
19392
471
9642
892
3793
13329
5253
17228
1830
7036
15740
9546
4057
8653
10983
12123
2562
15068
19157
18285
18809
13937
14337
6248
13334
17509
2010
20173
1611
9730
7949
8904
18351
782
7240
16355
13486
7538
697
17636
19724
11676
15149
19621
554
16763
11225
6769
16476
13535
4966
2831
13198
8089
3423
9661
205
4256
15650
20208
14002
19664
11694
2631
7662
2931
1417
18965
3555
4979
8270
18720
15715
17135
20250
3372
12621
20159
4801
16733
6250
18794
12026
4186
13305
16483
13717
16868
9673
15155
1309
17263
15982
12833
3694
18019
14831
2314
10953
15302
4547
2794
963
13903
15444
5935
18618
3359
15016
2815
3101
8608
6775
295
10997
13727
6242
14939
249
9580
6382
2973
7268
17304
15747
8957
3080
8991
16157
14283
2333
10524
7012
20190
13436
16756
18822
18985
9667
9438
12416
3810
15538
10069
10380
3371
13499
9519
76
16273
6712
15744
14609
11116
439
4172
16201
8633
2271
11517
845
12246
7449
19500
17146
13150
8017
14736
15037
8905
9507
12868
5563
18538
6109
12340
9955
20330
8983
15266
10463
11752
8338
3199
11932
8824
12368
2138
19934
6199
16135
3459
8475
7379
9332
10031
5024
11912
14787
4813
2069
485
13402
3916
20445
19709
11940
9838
10855
15730
6379
5274
12377
13667
14253
15076
6981
13036
11137
17347
13510
8497
18336
15532
681
7985
16266
9676
9664
2521
12853
11899
4068
9925
6314
6067
10714
11547
9867
8987
5940
7616
10840
9682
10135
20332
8944
9922
13772
19611
14539
14588
1504
427
1349
1488
13546
17336
1127
3324
9736
16297
18016
18787
9992
20134
9119
12165
12647
19573
16994
5649
5654
14430
10572
1265
1202
11480
10573
15942
19312
14649
20341
18121
7402
17077
4875
15578
16753
19808
15075
10126
20531
6774
608
3917
6729
4090
15116
19384
16644
14058
19801
17818
4640
9064
4586
7738
15920
4190
2629
11586
12106
9898
6591
11870
8305
4331
821
4431
10548
18750
6443
17349
13451
2121
18605
17166
4073
20032
7927
14566
12922
14988
2305
19362
11104
20335
17364
766
15071
11889
16115
7246
6454
18924
5890
19659
2513
6233
2426
15952
15066
19886
14848
13556
17335
15034
18574
7238
4580
15943
16790
14874
1122
7886
8016
1668
828
12585
11198
18819
9550
12675
167
707
9294
15587
376
13941
20192
19471
1463
14719
1850
20237
1853
915
8032
14771
7697
10054
2789
12474
13503
2242
13522
15378
18519
18153
3000
11948
11309
19242
17800
12906
12856
10565
10132
3147
19057
12895
2093
1102
8794
17161
10620
14306
1714
9306
7200
7691
14665
5839
702
1252
12526
15420
5976
7879
7977
1257
5133
14243
18104
9716
9223
5221
4816
9367
5439
5269
19278
19629
5657
3318
5843
14832
8360
1926
19895
9752
851
8022
9286
8743
7856
78
5950
9918
9344
188
13677
8218
929
18746
17219
10552
10644
7496
9978
324
20040
4913
14391
3438
15445
9889
15364
15427
10850
17013
5868
6978
6907
889
14323
6013
16544
18835
16231
8516
4036
11412
13598
9277
14978
18204
13550
11838
6361
10772
961
14374
10891
14816
3306
15017
980
19334
13753
18579
6763
3629
17830
14045
3074
4850
12275
5777
16380
20367
19822
18660
2774
3556
13827
1433
10517
12864
19184
7431
9934
18908
18080
12091
12254
18668
62
18289
20131
19539
4178
2457
4390
10182
20151
3379
12360
1693
11100
11291
11131
9723
19696
19002
12072
12491
12717
8375
17874
5463
5095
14111
14495
1148
11491
1577
12247
6836
12225
14931
3595
11255
14956
13953
18266
1820
17199
19268
16528
14121
8893
7904
17119
12839
12575
6069
1030
2840
2821
9706
17743
10793
18152
13984
11055
3509
16846
11468
7307
4960
1643
10320
10948
1256
13606
13034
9137
4439
11
15635
9726
9556
16529
11853
8607
3393
14619
1709
2830
279
3542
20106
16085
2158
8484
5744
6918
13626
3577
8381
16387
13375
7162
6018
4277
1640
827
2849
11369
8088
15284
5659
11492
447
3566
5542
14979
4100
2203
14631
16010
16666
5500
2546
15746
9493
17671
9160
13016
233
7461
6482
758
12422
990
9971
12262
7688
16307
9057
896
7914
14472
2134
3272
1951
11045
10466
5968
18789
19555
2269
10866
3915
17977
18448
19289
17557
10166
5153
13517
14488
12509
809
11604
10929
12084
5237
11201
9082
20204
13855
17427
7398
13367
5534
12456
13764
9643
15486
16853
68
12260
17307
19251
5425
4870
16570
14358
4853
7159
15447
3744
3924
6834
16389
4569
8289
12721
12704
20583
10667
1399
12497
10704
15156
3043
3228
19439
5229
11961
10238
9915
5867
5486
1601
13542
15065
10109
18779
2960
20080
4837
14604
11766
9531
10769
11765
1740
1159
6682
2761
13090
17548
5956
5880
13726
5747
1884
6657
9902
8650
2804
6077
6493
16641
14516
12236
18337
3336
2674
13005
2127
12132
14348
17014
10082
5432
41
2298
6883
17979
2621
9641
15351
7055
20157
1443
1036
2673
2567
14296
14139
20584
3231
1391
2587
19818
13934
17551
12108
2287
5614
12329
15975
3618
18672
10583
18634
4695
5884
19507
16874
5673
19488
18561
1360
16353
15964
16905
19981
15161
10004
7328
14779
1048
15616
8288
14799
6629
9678
9828
17919
15426
10958
6006
16275
18566
2007
3833
7707
17771
4382
1936
14327
3808
169
16923
6927
2943
2029
18892
11465
13669
4461
17688
15055
17361
14730
5624
10335
620
3154
6700
3484
10671
10558
8464
4810
4763
12371
176
443
8115
5816
14789
18601
17810
17519
7490
2796
10916
9134
9310
16552
9239
5802
11561
4758
6499
10512
3268
13800
13710
3023
17535
15949
2078
13194
535
3343
11194
12819
18165
7716
19847
5256
2310
8410
9601
17456
16601
692
5408
10402
14108
15041
5476
5845
6329
5388
12070
15418
4602
17463
19480
7239
7323
4485
18849
11624
14592
17003
8724
3854
15346
9825
19810
20048
997
10511
19041
15275
1279
7971
13368
5608
16393
16185
2229
10849
10686
18708
604
9325
2630
548
622
5355
11085
9145
17437
9124
20316
2215
10557
1398
16765
1995
8152
18235
1140
15691
11862
14338
8643
9605
14534
8921
5740
9614
12073
999
16750
16735
19943
2925
8395
4805
20604
6546
3639
5266
18508
10377
9820
6550
13228
9401
177
18940
16450
1278
19379
2194
4293
14276
3063
17354
3586
9771
5926
11020
7151
8508
8898
18577
18239
18397
20299
5547
12271
18060
14300
10767
9907
4592
20029
7124
7007
3152
1929
15293
392
10555
3395
18778
900
17184
7434
9754
4629
12348
9717
8939
15929
11298
12268
6727
13618
16836
2760
17754
1748
14188
6646
19695
2729
16699
4904
15811
7728
6065
16487
20308
16971
4189
11164
20457
17786
4379
2559
2388
13404
17466
945
18192
13528
5803
17136
12538
9945
15874
19042
8809
1002
1358
15214
18966
12810
4997
17277
1797
2803
7943
2306
19741
9258
3294
8000
2477
5078
12011
6190
16668
13854
5459
15499
14740
4882
3541
8018
16957
15736
10777
11176
5905
11101
9940
14343
9751
9428
4650
14722
14825
17424
1597
11773
4416
2652
7433
10742
11542
12364
16423
19356
18440
15355
18938
20538
12825
7583
3594
8078
4455
14278
13231
2783
16354
18042
244
7990
15405
3750
10797
14413
2313
13801
19626
1531
11846
6324
18619
5881
8033
9109
14669
254
3344
7047
12963
5019
8588
7896
17046
18312
8519
18851
17110
5290
13586
13905
7193
17987
14352
235
18969
16607
20638
10747
11147
693
14473
289
9999
13381
15591
17017
14572
11213
18184
19839
9578
18886
15555
14211
19426
19752
5838
6815
944
17106
12079
2509
3778
10525
10498
4299
8699
19165
14279
12664
11722
13915
16411
549
6251
16974
16317
7405
18353
20072
6275
12736
10171
9674
15167
8172
19229
17722
4352
2038
807
2309
14368
13124
10024
15069
16412
13030
15338
650
10480
1056
16029
10176
3625
13440
9347
19701
6179
6596
5853
6043
18770
7885
9004
12077
1546
14526
7635
18238
7717
4385
15566
14870
4910
20230
12544
16466
9043
15734
13633
5259
12097
768
17056
9022
7876
17374
10381
11788
18154
8881
14214
3777
4526
305
5147
8483
2154
5177
10913
6456
4579
6120
16463
4833
18718
7816
15084
12859
19022
7203
17229
11813
14593
8838
10639
570
1934
4994
14316
13840
4029
20347
18503
2151
16648
3144
2489
15212
1516
5889
10003
18118
12243
19967
16363
11139
8369
6462
6423
3110
7187
7369
9856
17699
16018
17639
15544
2346
20135
6294
8398
14765
1292
12886
15089
153
16907
10690
20574
8137
15815
9944
12053
18070
6813
8458
947
5533
16131
20465
2896
16782
14186
399
17497
3513
10886
15918
7081
4500
12074
14693
8785
17593
1099
19691
20429
18187
6893
9045
17116
15778
19776
2289
9353
5460
19114
3722
10962
5473
7383
16238
12513
15120
20542
1147
3780
9234
7573
8202
20186
2579
2991
13609
8427
17856
7139
19000
12798
6359
13414
17436
11599
11726
6699
6832
3902
17012
80
2385
17417
4524
1245
7341
10585
14416
11848
8059
12890
15509
6553
16847
722
13103
9035
1961
534
11931
14643
2576
12297
4807
1669
8975
10956
13725
4616
8642
7502
2957
13588
6534
16171
5156
5053
8191
7705
5669
19023
3706
20631
10795
8139
5393
16336
17223
7218
7706
15469
8913
5823
10870
20639
6790
12899
7665
588
16390
6999
16386
17444
13314
13343
12884
15826
2776
17248
2137
13957
17294
15985
2990
8965
18713
10951
9904
12382
130
20368
4050
5242
5899
16803
17405
144
11087
6610
14200
5234
3838
1064
13865
19891
10016
15967
14860
3545
19523
17314
8090
1098
8511
3615
201
12158
18389
4952
2573
5834
14025
11876
14940
15020
676
20454
10354
6132
2339
4879
9072
5859
1369
9612
2206
19858
3817
4902
9712
4522
5970
142
15449
12649
19470
18140
12215
19090
3112
2528
7330
20217
3632
15737
19324
8779
17525
362
6200
3866
3320
14350
8663
14340
5028
7798
15534
3426
118
20028
13079
16929
3739
6413
20379
4021
322
2152
13159
11702
18823
8969
134
11197
20485
555
17866
12023
7058
6730
17486
19737
3822
10469
12566
3229
16172
7537
15321
16108
20520
7810
8918
5564
5070
2782
14392
16801
5304
6372
497
4152
10930
19835
9506
1478
13955
7130
8383
11841
1645
19675
6489
17183
5622
3958
3065
17781
17042
2595
13285
15063
208
14105
1722
5738
15754
18986
14393
16350
3643
6666
5140
7351
19769
18382
250
2195
1857
14610
6017
398
11733
18532
4614
4323
5969
18297
8765
14274
14060
9227
5065
14544
4209
6533
18179
1539
3153
17031
14620
20553
14017
5515
13468
18829
9499
948
3881
8927
18560
7325
12999
12270
17878
8273
9021
18391
8548
19498
18831
12341
9747
10549
16723
687
5776
988
12846
5373
6274
14850
10826
14590
13926
18727
17912
3836
19851
7607
18947
19560
4747
1580
10514
8695
824
3517
13084
15996
18403
641
10355
907
20500
4148
1092
243
7375
14239
6662
13952
2728
20256
17904
17357
6708
13579
10611
12973
6084
19668
13745
4125
5522
18089
1267
13787
8368
13125
15250
4242
2714
343
6170
8555
6685
3129
12154
2057
10309
7804
20116
4570
6235
14326
18542
1258
14493
8108
2978
12160
8188
3899
14950
9749
16533
985
4015
11311
6797
20024
9865
15668
5910
7183
3858
1290
7926
8716
13363
18550
20471
3457
2326
8246
16829
20428
10160
11008
16302
6074
11141
8593
19320
17258
6032
9498
17469
9913
3222
11471
18989
4974
9340
14020
17840
3753
18873
7166
15129
2429
10037
18557
8846
11825
3210
4404
13058
1836
17487
12298
2483
16934
4564
11003
15696
6561
3831
17946
6926
4400
9834
3042
4174
2846
2019
13852
4645
4736
787
7211
19837
14602
3369
2474
15412
11175
18150
5616
13643
18026
19417
5852
327
2412
149
14714
2322
4
5339
20475
13120
4704
7065
14257
19781
13025
5427
19866
19651
12957
871
9477
17080
12518
13205
9370
7248
20533
275
12354
17546
6118
9168
1684
20285
9621
9473
13466
14331
13575
19219
679
9055
11279
1136
2104
10868
505
17537
16222
10124
12317
13770
5886
4766
17064
19067
2525
10196
20126
15141
15319
11379
1151
10194
4191
8933
13525
1968
572
7604
2705
198
19263
4551
4108
1285
1942
8238
8376
111
7092
629
12405
13309
17742
6087
17157
18166
18620
17257
8066
4290
13395
4973
16961
11169
20612
3920
7032
1955
7061
12433
13670
16588
858
14005
10586
19008
6336
19581
20564
14961
8358
20043
1695
6684
9313
894
7942
18482
14537
10270
7613
8379
17927
16652
9352
12216
18631
15468
15482
660
16180
16781
20163
269
19865
20219
14408
2839
2927
434
13828
7685
9097
5034
11490
15239
16448
7788
16063
536
17762
1345
2129
11143
11290
20508
15907
9536
10582
4460
16061
10290
35
671
13174
12697
17290
17345
15111
3964
8061
13985
9214
15021
6111
2700
4504
11817
18047
3758
7726
12965
2397
4727
10622
611
4656
18741
9404
3800
6384
5127
9195
156
17702
2384
4454
16622
3443
11145
15046
2767
689
15455
3507
4705
3860
16745
9772
10764
16808
18578
6880
16717
14718
18808
8377
2482
1699
7327
13115
2307
6429
16129
1297
440
14573
2516
17130
17689
18602
20136
17571
15175
15788
6345
10977
8276
18825
7830
5933
2233
19794
15700
2182
5334
6934
11188
3044
17707
14914
18864
13491
18062
7925
16474
5437
16279
12759
16455
12755
12561
13983
5015
1040
16289
573
7052
12061
12285
2557
15819
5317
17559
3218
7020
19418
2026
5615
20594
6466
14847
11384
11532
17191
3725
14205
5638
6368
11693
19315
6595
3882
1959
20629
9527
12235
9884
14269
16347
11059
8063
12204
15285
8791
13236
9076
13806
2435
6906
18157
19762
18607
19052
3999
20439
13000
1618
1143
11863
4360
17261
18330
14564
20258
8947
5354
16779
7486
12665
20437
8619
6208
12546
8284
2946
18472
10244
11484
1977
9233
2878
8770
1039
1199
12842
2405
11386
8285
20452
13692
6598
8330
19940
19233
10605
5449
8351
5705
15281
8083
18608
15529
15042
19544
11181
14571
1450
9169
12982
3189
7742
8525
20552
11453
4608
17510
20205
701
7541
12230
6569
405
20492
6209
8788
96
15135
2817
2218
13472
545
1973
7793
8805
5888
17081
14675
3868
9173
3420
5660
7498
16040
3602
11423
822
18006
5029
13763
20625
8055
18302
2161
1525
16312
301
15059
20311
1217
18315
15028
3235
19409
17439
19377
19542
14066
2344
1905
1658
9732
20179
5679
18548
16970
13356
7821
11334
3175
18893
9005
19883
19188
19641
5077
10624
19206
8342
4211
8982
9691
19246
3668
13899
9355
12365
15924
10593
13738
1992
44
3735
17169
6710
2771
5674
19736
17663
1708
12034
7400
12189
6007
6292
16392
16585
6644
13908
9845
14132
3284
7097
290
920
11297
1801
11566
2174
18434
17783
12519
11170
7774
16382
20572
11113
6405
9038
16826
6652
18613
16882
12783
17206
13161
16696
5018
19018
17563
17302
7470
18421
14160
16526
199
463
20099
4542
16920
5285
5183
6761
13790
9890
12380
2715
6971
14549
9254
10341
9245
14124
10419
13429
10284
10531
15783
3037
15474
2770
9976
16144
7667
4480
191
18792
14984
16298
9696
6714
452
5433
17215
9840
14608
17511
17638
15249
8766
726
19420
5055
19742
8553
13555
6954
20115
378
20074
6668
10170
8208
1144
18506
17642
2593
8823
6089
6643
10692
11429
12677
4749
8746
9687
11958
14780
3479
19232
7439
19761
2355
8705
18903
7756
16657
6742
5096
12290
17418
12009
5601
9727
14483
19335
527
16900
11123
14309
3501
18134
14047
9764
9185
7654
5123
5277
7851
5620
6789
6624
2880
3401
13539
11394
1764
7363
9989
12283
8821
16632
10071
15791
16315
3557
11273
8950
9271
17648
18647
13479
11619
1606
12429
7521
12666
10267
10010
5200
1813
13600
5415
501
7822
11464
18545
15755
14690
3837
9126
1247
16944
14594
17749
8100
8567
10536
6621
2752
7501
921
17872
10444
1182
7947
17380
7878
13756
9608
1728
8839
16577
11475
18880
9879
1890
8587
4179
1660
2097
8647
5089
12948
17062
5536
15133
13295
2813
6436
2653
13866
14382
303
3467
19632
230
12174
5836
8423
7708
307
481
1805
10263
13141
4933
11153
13680
11275
6066
416
2076
3885
5364
2209
1113
14974
15018
14405
9358
15888
12234
19375
6370
2325
15287
14497
63
5166
19239
16486
8797
16815
6342
15380
8129
15077
14172
7364
14782
11822
4171
6508
19264
16806
9063
9478
16103
168
16963
16156
571
16511
13175
248
1918
137
4596
13895
5375
9070
10318
16470
7940
12185
4285
9405
18667
6411
801
18671
3068
5820
19444
1134
9100
3040
15998
4129
8354
12737
10075
18860
15706
11026
19595
3083
7577
8795
17845
19778
7948
6115
17522
165
15282
11533
17748
4215
3315
574
11448
3745
6747
6707
6756
14433
13387
7545
7571
1591
5116
11096
12459
19976
17970
5902
4990
4375
15729
11650
17010
6589
6300
5632
2615
2797
5443
3514
119
7408
11611
7071
20226
19150
13199
14949
20515
13509
14261
11742
18649
6441
9015
11581
8085
2912
19473
4259
12597
6353
16608
1953
17831
7882
15902
10175
2634
12521
17911
19440
1902
2494
14716
19455
472
16155
11562
4849
10965
12607
4789
18031
9872
10265
11866
9833
15624
17159
18311
10853
9337
4381
3948
16516
17547
7068
4056
15118
9547
5668
12797
11000
442
19540
6931
2424
890
6955
19502
11482
4613
5194
7845
6871
16280
20037
17251
12366
9542
4180
12813
11388
18492
13028
7791
16852
13889
14518
14315
10643
17839
14162
5591
18678
7349
20455
18380
6875
13740
16034
17873
2345
10698
6326
6464
15158
6095
16426
4239
20396
13604
5295
3295
4868
6616
19287
5987
1775
10011
11625
20117
15043
19574
20182
5411
15979
14821
331
17073
8621
7669
3843
15101
3531
5516
12152
16221
18268
5812
13475
15353
16328
14169
11886
19807
17736
13562
2246
8523
16789
18262
11928
7357
19684
9001
1858
274
20228
15980
16096
5367
4427
1379
10857
20576
13713
20592
10015
9436
10733
1629
3571
13655
7630
14717
9854
18209
5157
17306
17426
4297
13980
10448
9587
17755
18832
17028
20221
14965
10485
8144
19617
6917
17989
12905
14451
14801
7170
15107
15831
3329
10394
14671
6804
9451
12409
40
18759
20303
12291
10434
8454
14621
3140
7138
20601
994
8641
4303
11552
1947
13121
18366
11495
4788
2514
16870
17337
12411
12319
3085
15278
2778
6104
2934
12761
10528
7564
6099
12974
13336
18939
13566
16202
6070
3700
1851
16691
3559
20309
17679
17239
17154
6247
12201
1428
20207
15203
9054
9951
13349
5233
17653
2541
5313
3475
729
3127
5207
18600
19176
18067
5345
12024
8806
19874
9763
352
2988
5963
4978
14489
13917
9871
7435
859
5697
12778
13008
15977
17104
17498
1821
19073
3649
19099
18527
16613
379
7546
12682
12805
14251
3073
2723
3436
13095
9231
10534
15241
39
11260
721
749
16721
1999
11121
7569
18971
13642
9847
15372
4491
9858
13031
19108
12766
10486
20065
16216
3985
18674
2620
9958
10198
15490
265
17622
6403
12992
16223
7902
13718
18817
885
19920
6476
11652
3616
3181
15658
1570
421
11880
4963
4748
6277
6204
4938
19784
8367
6264
7698
20373
2334
7780
15209
2663
2527
2950
13690
6211
1786
19712
13684
4106
6316
2747
17750
3665
6592
3972
781
19065
17321
470
2150
13767
4761
210
6130
14804
8319
16262
11227
1467
6295
8711
7080
19803
15724
19250
15112
381
13544
3179
640
20155
17604
19956
4980
9735
16208
12604
17252
17954
14410
19754
8195
5203
2999
9098
10314
11353
7017
3364
