779
0
1009
1068
919
512
951
1133
709
897
743
355
1081
321
135
344
633
1088
594
943
1035
122
1227
340
944
625
759
186
737
1276
668
220
1391
721
507
1111
666
84
476
1270
1306
199
286
1220
1246
1387
213
1431
795
1121
992
556
1417
645
1213
665
1241
155
1064
1032
362
9
293
796
581
120
467
1112
686
756
755
1049
513
1414
1320
1021
1025
518
1422
884
1071
376
760
623
753
49
498
945
1090
991
436
889
1444
374
263
474
761
402
499
707
493
1036
336
285
35
816
1356
501
1377
803
918
1468
963
371
404
272
477
412
184
283
277
320
1085
76
37
318
1247
1286
832
542
332
964
1263
486
1471
720
1307
555
601
1310
841
309
1179
469
1139
1295
804
712
849
984
463
706
192
207
435
789
222
1018
899
484
905
514
598
817
268
1287
466
364
539
1142
100
246
1324
523
1073
1342
1027
823
433
883
384
913
966
394
1234
1169
1454
1231
1355
532
896
290
1282
1339
348
910
1185
363
593
637
203
1005
1421
865
772
1055
72
977
18
989
1048
1066
788
1216
1128
1131
569
287
1428
1311
331
1058
284
1144
12
407
425
93
802
1364
1440
1268
1376
365
178
631
1098
352
55
1217
933
197
212
1153
948
740
1285
819
1029
437
864
278
172
445
153
1011
928
459
317
356
609
367
1449
1113
812
1390
519
346
190
1126
1223
1294
1467
653
716
925
851
1204
228
311
411
432
1015
1230
972
1451
403
174
1096
702
502
566
733
869
183
1152
729
202
133
890
836
1030
689
163
497
1412
302
6
314
511
1143
659
1450
1345
828
988
1419
1004
1187
409
718
101
1181
1186
810
149
57
1184
935
1124
684
471
892
368
537
667
509
861
575
1156
1100
530
1290
586
1014
1453
853
258
179
7
1000
281
204
791
219
1316
1103
967
673
492
1157
249
1203
503
305
1292
603
1280
845
565
1252
687
1135
1067
1459
954
1401
544
867
672
763
1249
489
324
229
835
1053
1323
1026
1222
1155
885
103
429
616
1101
564
811
1418
1017
891
747
454
143
1052
505
1167
527
1456
630
1269
1224
1119
644
1080
748
386
862
327
1160
620
250
446
540
588
338
1042
522
152
987
1038
473
1326
56
1260
1134
108
834
142
842
741
1472
1117
978
225
545
414
33
888
1194
266
169
1008
751
958
137
912
859
195
814
248
1176
1436
524
427
470
1007
1427
322
15
173
1251
549
757
669
408
390
39
157
585
482
1299
571
981
341
254
124
267
1091
70
164
300
1343
934
1346
1057
1402
1275
1257
902
1002
232
1086
535
1278
1321
900
43
589
579
608
1398
1193
1378
1202
177
688
393
1253
590
78
931
909
1408
886
110
500
126
289
1325
8
825
1207
307
151
776
329
465
1330
1212
726
416
510
109
1205
141
650
74
923
1447
418
652
799
73
1385
1397
750
421
399
647
282
1024
543
176
973
218
765
1308
279
1400
573
1348
159
175
380
86
5
893
610
1274
785
1188
1200
968
373
1439
210
1392
1122
583
350
1233
971
1033
224
873
1092
274
822
833
357
690
113
648
871
993
696
188
85
887
783
534
1384
715
746
856
792
271
529
965
515
1118
478
517
1123
1120
10
1318
732
904
226
879
526
1423
974
1182
1365
1284
1389
1221
1063
117
181
976
868
1229
1162
1332
104
381
77
604
1333
1158
508
1062
1102
94
995
395
342
1338
75
713
874
92
695
1178
1023
767
1411
815
452
44
846
1358
196
1443
1114
1206
1344
265
1079
353
1161
607
430
440
685
1329
599
303
79
1248
553
326
858
231
22
1327
227
140
280
1232
398
551
483
154
996
722
1031
787
922
1075
562
838
145
824
255
661
1386
525
901
1125
1082
1163
1010
1406
264
1177
1129
677
1335
299
1240
691
1281
1433
170
657
941
777
262
1353
67
582
360
597
127
1171
1359
506
781
451
516
369
986
25
521
69
405
111
681
982
1104
754
1279
997
1304
1465
1078
1137
1271
640
1366
847
354
1256
1375
36
576
983
97
1210
1197
1254
1191
769
89
29
112
132
1266
999
487
211
1070
1190
1264
475
1244
1317
1192
334
520
920
450
568
431
731
1272
624
11
985
234
915
490
744
165
31
90
852
1435
333
491
400
1410
1065
1166
692
1458
770
1461
38
1034
63
1462
829
1425
1430
921
19
1388
59
1373
1106
167
388
82
843
1115
670
26
16
53
81
42
349
682
257
674
1006
1127
439
118
942
619
768
292
244
1455
291
480
1297
1296
924
1183
1047
577
358
1445
209
1305
728
528
247
443
144
1448
147
1050
335
1469
417
45
940
1315
310
1243
242
253
162
50
1165
693
24
1236
621
41
325
739
370
198
1173
28
1309
699
457
898
1218
1374
235
850
245
306
116
453
83
998
438
1416
697
150
955
572
495
1399
749
208
636
488
158
1312
1267
3
1261
1259
660
30
622
1350
182
65
949
860
907
734
1470
827
259
952
328
618
1441
1463
1426
185
567
351
171
1328
1300
801
863
1464
956
678
1013
131
538
294
764
1138
662
1255
613
876
649
1189
1446
880
114
805
714
215
23
844
881
382
275
61
123
296
1368
441
1429
855
129
1164
584
1336
1250
136
711
698
361
780
612
256
875
1209
926
410
359
1434
420
1235
17
632
444
48
260
1180
148
1354
762
239
705
541
1110
596
107
903
377
723
790
1022
485
1403
1262
323
115
1424
629
139
1361
1094
818
953
375
2
180
595
821
60
793
1301
223
554
947
547
1466
1370
238
1041
1319
125
88
1175
423
1001
1409
671
447
119
304
168
1349
1362
758
628
1028
1016
651
54
830
1314
1394
826
694
312
233
1341
383
1201
916
939
663
316
602
1097
448
800
643
462
917
456
194
938
724
808
1172
857
301
1195
894
546
1037
807
774
552
464
797
261
319
635
1273
882
396
831
1452
782
1351
979
1283
46
658
1072
840
580
675
1168
68
700
1357
96
481
848
1265
1019
298
66
237
1107
1136
639
146
193
1396
1331
1084
297
1148
614
1293
1099
1054
347
