799
558
263
523
797
38
91
683
376
482
329
221
372
758
134
654
744
487
9
537
581
669
643
15
588
11
187
378
550
817
377
575
114
166
483
589
177
49
491
725
521
788
374
767
434
768
117
790
709
354
47
431
724
107
73
283
619
123
590
535
54
381
371
342
353
495
560
332
162
110
21
672
352
77
784
578
571
135
215
715
368
379
197
59
601
243
164
318
681
287
340
821
198
754
413
509
184
410
149
436
564
1
70
157
778
112
131
344
783
716
561
406
546
17
113
217
442
730
258
345
433
673
33
808
147
274
476
253
48
559
461
772
125
279
393
552
639
569
316
690
616
751
456
539
206
770
115
223
547
358
35
188
74
738
120
76
144
300
718
490
627
650
604
824
822
700
594
573
769
389
666
13
86
204
282
742
811
37
151
647
200
665
607
336
150
648
278
515
703
486
231
272
27
400
313
362
227
743
712
388
156
488
427
260
68
322
171
226
492
169
587
469
10
786
240
121
138
625
670
717
276
244
549
288
375
453
623
404
761
536
425
542
233
765
211
250
130
452
96
465
655
209
219
93
441
424
245
626
774
706
471
603
704
82
792
444
514
281
252
5
334
810
451
692
286
220
333
423
357
599
566
262
176
401
443
104
756
416
789
64
7
682
519
136
146
728
395
182
148
122
160
50
415
556
225
19
327
152
752
624
273
741
261
591
735
438
89
585
129
687
97
26
657
2
463
611
661
501
25
271
246
132
677
720
445
228
251
234
241
708
794
290
493
394
83
584
299
475
141
23
398
663
455
270
798
494
635
460
662
462
165
170
266
55
693
420
467
722
632
409
793
242
676
470
652
267
145
355
280
298
739
701
3
203
545
306
577
760
775
411
199
686
216
142
732
660
255
325
222
153
731
596
827
24
629
321
189
426
137
780
41
0
819
99
468
40
478
44
592
311
562
828
568
133
418
791
541
36
809
449
579
694
776
212
249
634
307
269
230
88
520
407
32
343
236
102
373
502
499
576
506
557
477
20
186
618
78
238
658
173
801
480
365
62
504
293
747
291
826
128
326
84
785
101
593
753
779
414
392
315
713
554
339
58
367
69
79
450
818
533
369
351
257
638
60
419
297
275
570
174
608
508
606
119
646
653
602
688
179
397
338
543
180
637
734
781
360
621
52
29
656
567
446
247
458
474
525
284
328
804
796
723
214
90
239
447
448
295
224
218
303
391
699
614
472
210
53
196
380
649
695
51
285
229
310
597
61
806
755
22
651
513
457
399
726
510
363
268
737
745
264
485
66
815
631
305
711
787
707
341
454
126
691
18
248
428
678
292
159
317
771
402
65
814
595
572
529
641
190
481
823
105
531
740
335
161
530
600
633
800
163
56
178
555
522
92
459
72
390
183
256
727
30
175
757
350
705
644
534
8
464
763
630
143
277
412
544
689
777
505
749
39
628
612
620
729
684
405
330
85
12
95
312
314
636
366
308
124
67
254
551
696
98
750
118
34
736
361
746
803
46
302
807
396
