644
986
328
169
286
1081
365
1153
1026
666
678
782
1251
706
483
1112
0
446
355
1332
1169
467
172
1113
508
764
1306
1233
344
791
688
1071
1462
378
532
1179
1030
1414
266
765
824
1009
331
953
893
964
1088
781
1377
492
397
374
258
1408
639
1421
256
1027
1116
899
865
1321
448
1362
1005
222
433
12
1273
408
1021
1294
1324
1073
711
192
424
1276
368
939
1361
579
430
493
916
133
320
1262
155
416
819
321
135
958
1428
1042
826
362
479
879
581
942
692
1152
857
1354
1011
382
213
200
816
925
1223
551
1260
619
76
215
1048
540
733
746
1272
983
1255
471
973
1333
1394
1407
1436
1058
1156
220
314
338
277
775
41
246
184
783
202
1174
1090
661
803
577
835
1109
1029
197
591
555
1356
1101
901
49
1310
922
934
756
199
336
1423
715
1252
537
158
1433
1025
860
1133
612
807
1398
1002
1203
915
1018
672
663
509
1430
1422
1017
852
404
643
681
456
1128
1368
1068
741
363
496
84
1085
720
625
694
1364
1126
235
523
486
1057
364
1335
1064
9
414
412
585
1418
134
356
318
1314
669
384
1187
944
588
450
332
340
37
1119
190
514
1015
1350
862
828
203
501
70
1000
1292
858
1412
1032
799
904
668
386
83
95
1008
1318
1139
484
232
938
900
853
767
272
538
801
18
407
290
714
268
1413
522
431
248
183
649
740
880
796
817
529
963
348
1134
918
1470
1144
1035
737
1227
263
1111
648
1348
1358
1185
1378
438
444
212
1390
673
1055
72
599
686
447
1403
1213
93
195
1247
601
1131
284
287
1467
1471
293
309
1080
1036
1121
15
1014
656
394
178
1434
420
352
55
440
902
300
1320
814
598
1435
278
966
153
1295
628
849
752
512
367
419
463
924
758
868
346
575
608
580
207
1280
1274
991
245
751
842
892
1204
228
311
411
1365
503
1287
841
35
296
403
174
744
556
553
707
1268
1142
221
1141
856
1264
696
1216
1271
949
620
122
317
687
604
497
163
254
848
302
6
283
490
1143
1007
888
762
294
700
1243
469
658
972
874
1240
1004
402
1087
409
142
759
101
137
1186
750
149
57
1184
708
1124
651
576
1328
832
1066
506
979
371
776
491
808
100
850
640
684
1100
1049
1309
1167
1317
219
1386
698
39
571
7
861
281
204
225
1074
645
1466
462
1426
1103
1387
186
33
454
1288
1157
249
157
1282
1226
164
305
1176
341
940
525
992
1045
546
593
285
1135
1067
1453
1349
790
839
1285
1257
951
1181
1098
324
610
485
545
327
993
229
543
1053
802
120
1117
1283
1155
898
103
603
811
143
1241
1052
179
757
1468
488
1246
866
171
1096
1342
909
376
1160
250
1239
731
152
965
1038
1296
56
108
1086
572
1275
480
827
838
1194
441
792
834
470
582
702
1269
1396
476
322
173
971
595
390
539
622
50
124
267
1154
1091
98
1373
1234
933
738
1384
609
43
1222
464
1193
1382
1202
177
30
1132
393
1400
1278
797
78
955
836
788
1228
723
110
1307
126
289
478
618
8
872
1207
307
151
712
329
718
941
1212
1374
542
569
844
1445
109
1205
141
724
74
1391
812
680
1459
705
779
73
968
499
567
1449
869
399
998
282
1024
475
176
837
218
691
1339
482
279
871
1270
699
159
175
380
86
5
1253
1401
943
905
1188
1200
633
821
373
774
210
652
427
1122
568
350
1266
616
1033
224
889
845
1092
274
1281
586
829
370
421
357
967
113
1388
873
1164
1409
188
590
583
85
989
891
1279
1372
61
659
1441
1290
1220
271
637
453
895
474
755
1118
1250
1225
1123
1120
10
500
913
1353
527
226
952
1242
502
635
647
1182
948
729
777
1326
1063
117
181
739
621
392
1162
903
521
104
381
77
709
954
1158
432
1062
1102
94
997
395
342
1446
75
984
988
92
754
1178
1023
1293
823
1385
1440
631
44
810
1327
1344
196
884
1254
1114
1206
1375
265
1079
353
1161
693
1159
534
734
1343
1305
632
303
79
541
530
326
886
231
22
863
227
140
280
1315
398
240
1231
418
154
885
185
1031
1311
1316
917
1075
1217
629
145
760
255
1464
999
459
907
1125
1082
1163
1010
259
264
1177
1129
517
114
1463
299
236
1359
1312
772
1448
170
896
770
912
1457
262
682
67
47
360
624
127
526
1171
1451
1263
1265
1450
1267
27
369
662
25
1261
69
405
111
713
1370
833
1104
1389
1299
452
51
818
1336
1078
1137
481
1232
1454
516
354
230
1138
36
1319
1429
560
97
1210
1197
495
732
727
1191
1465
89
29
112
132
1244
787
473
211
897
1070
1190
1229
562
443
636
611
1192
334
507
3
597
623
995
1308
825
565
554
11
882
234
749
544
1447
947
165
31
90
831
926
1237
333
1130
743
400
1419
1065
1166
721
1411
974
695
1399
38
1034
63
1381
876
855
945
923
1330
19
1416
59
690
1106
167
388
82
607
1115
1345
987
1341
26
689
16
53
1376
81
42
349
436
257
883
1472
1006
1127
785
566
118
793
867
1352
930
489
722
292
244
671
291
780
881
1221
630
1224
1439
1183
1047
594
358
769
209
921
1248
660
602
247
1300
144
465
147
1050
335
477
614
45
935
1304
310
515
242
253
162
1165
24
552
325
451
198
1173
28
887
1230
875
665
1392
306
116
505
32
1323
894
150
1284
667
1431
351
208
445
217
1397
129
182
65
437
547
1406
1351
890
1189
846
1013
131
982
1393
805
726
822
1329
23
519
1458
275
123
206
859
584
136
674
361
1456
1424
985
1209
1346
410
359
697
596
498
17
573
1301
48
260
1180
148
1442
657
239
956
406
677
1110
466
107
685
377
847
1452
1022
549
920
564
323
115
650
487
139
840
1094
1425
1357
375
2
910
180
423
977
60
1427
535
223
288
864
417
931
843
238
1041
518
125
88
1175
589
1001
1366
449
613
119
304
168
789
851
1410
439
1028
1016
950
54
761
716
425
747
513
653
312
233
1455
383
1201
1331
1443
763
919
316
4
1097
1249
1404
675
429
981
1286
194
830
1355
795
524
1172
798
301
768
1195
1469
435
1037
753
996
1259
520
1461
261
319
1108
1236
1417
396
1325
800
978
804
1218
1256
1402
46
728
1072
533
457
1444
1168
68
670
748
460
96
528
1338
1297
1019
298
66
237
1107
928
1136
511
146
193
815
976
1084
297
1148
510
1235
1099
1054
347
